4
9
16
11
10
18
9
2
6
8
5
9
13
4
5
4
-1
1
-6
-5
-3
-2
1
-1
3
2
-3
-2
-5
-8
-7
-8
-10
-3
2
0
2
4
-4
-8
-13
-13
-2
-4
-2
4
7
0
-9
-2
-3
-4
0
-1
0
7
6
-6
1
1
-10
-5
-4
-8
4
6
-7
-4
4
2
-4
-6
-3
-4
-4
-7
-2
11
6
5
6
-3
-3
-3
0
4
9
13
14
9
4
5
4
5
6
11
10
6
10
5
-1
-3
-3
3
2
1
2
-7
-9
-3
0
-6
-10
0
-5
-13
-13
-13
-9
-14
-14
-15
-18
-14
-23
-23
-10
-9
-2
2
-9
-7
-7
-7
-6
-3
3
6
9
5
7
4
-2
0
1
8
13
13
14
15
18
15
9
5
9
13
6
20
17
8
15
6
8
10
4
10
10
3
-1
0
-1
-5
-8
-4
-9
-14
-11
-10
-10
-6
-5
-8
-5
-6
-15
-10
-1
-2
-9
-4
-5
-6
-9
-13
-13
-10
0
-3
1
4
-12
-6
-1
-4
0
1
5
2
1
7
4
1
1
6
4
-5
5
11
1
8
16
7
3
3
-2
-6
-9
-4
-1
-4
-2
1
-1
-10
-12
1
-1
-12
6
8
0
5
-2
-12
-9
-3
-5
1
6
-2
11
13
-2
5
6
-5
-5
-2
-2
-6
-3
4
0
-1
7
4
-7
-2
-1
-11
5
13
3
0
-2
0
-9
-14
-12
-14
-9
-6
-6
-6
-7
-5
-5
-10
-8
-3
-1
-3
-7
-5
-3
-11
-11
-6
-4
2
5
6
5
-2
0
1
-8
1
12
6
6
14
16
5
8
11
4
11
11
8
6
8
7
3
9
6
4
15
9
6
18
11
1
2
4
1
-3
-3
-1
7
6
2
1
-7
-7
-17
-15
-2
-6
3
2
-4
-6
-9
-9
-18
-7
-5
-12
3
3
-4
-8
-6
-9
-9
-2
-1
-3
1
6
3
-5
0
7
2
-3
-3
3
5
4
6
6
5
-1
0
3
-6
-6
3
-1
-2
-3
0
0
-4
8
10
1
4
9
2
-3
2
-4
-3
-2
-8
0
0
0
6
0
-7
-2
-2
1
4
2
6
11
1
5
13
-1
-6
4
5
6
10
11
7
9
6
-1
-2
-2
1
-1
-3
2
4
2
-1
-9
-13
-16
-15
-14
-16
-7
-5
-8
-2
-9
-15
-11
-12
-6
-3
-3
-3
0
0
-12
-9
-10
-12
-6
-4
1
-2
1
6
2
5
8
12
19
17
16
24
24
22
27
20
18
18
9
11
15
7
8
12
2
-4
-1
-4
-5
-6
0
-5
-5
-1
-4
-6
-3
-4
-10
-8
-9
-9
-7
-13
-14
-14
-21
-24
-20
-21
-22
-14
-16
-19
-17
-18
-18
-17
-18
-11
-5
-9
4
11
-1
9
15
4
5
7
3
8
16
15
20
19
14
17
17
10
12
17
20
19
24
22
8
5
9
0
3
13
7
11
9
0
7
3
-9
-5
4
-5
-4
1
-4
-9
-10
-8
-14
-10
-5
-11
-13
-11
-9
-5
-2
-8
-1
-1
-8
-8
-6
-6
-4
2
-1
4
8
4
0
-4
0
2
4
9
7
0
4
2
1
11
11
12
14
11
10
7
8
8
6
11
9
6
5
7
1
0
9
4
7
12
9
7
9
9
2
3
10
3
1
-1
-5
-6
-4
-7
-6
-2
-8
-8
0
-4
-3
2
0
3
8
9
5
6
6
2
-2
-1
1
-1
-3
-6
-10
-10
-15
-15
-17
-20
-20
-16
-8
-7
-7
0
0
-6
-6
-7
-10
-9
-4
1
-4
-2
4
-4
-4
-7
-11
-6
0
1
6
12
11
13
14
9
11
13
11
18
18
16
24
23
14
11
10
4
9
10
8
15
14
6
5
1
1
2
3
8
9
12
7
3
3
-2
-3
-3
-8
-6
-6
-10
-14
-8
-10
-16
-17
-15
-17
-19
-20
-23
-25
-26
-26
-19
-14
-22
-17
-12
-18
-14
-10
-13
-6
-4
-3
1
2
2
5
6
4
5
6
8
13
11
9
11
13
11
10
15
10
11
18
15
15
17
19
16
18
11
10
20
11
7
13
8
3
2
5
4
4
8
8
2
0
2
-2
-6
-9
-10
-8
-13
-16
-6
-12
-18
-15
-17
-20
-19
-20
-22
-17
-21
-21
-7
-14
-20
-11
-17
-15
-10
-14
-12
-10
-10
-10
-11
-12
-7
-8
-9
-1
3
-2
1
4
-2
-4
6
8
5
12
14
10
10
9
10
12
13
8
10
13
5
12
21
14
16
16
9
11
12
10
16
18
16
19
20
14
14
17
10
16
21
13
10
10
10
4
0
7
2
-4
4
-2
-6
-2
-7
-8
-11
-14
-8
-7
-12
-10
-4
-11
-13
-4
-6
-12
-8
-8
-11
-9
-8
-5
-10
-15
-8
-6
-8
-3
-5
-4
-1
0
2
4
-5
-4
2
-9
-6
5
3
2
6
3
4
2
-3
-1
4
12
9
7
11
9
7
6
2
2
2
3
7
9
0
-2
1
-1
-6
-5
2
-2
-6
3
2
-2
0
0
3
0
-3
8
4
-8
0
-1
-7
-1
-6
-5
-2
-7
-6
-5
-9
-6
1
-4
-4
5
1
2
3
0
7
3
-4
3
0
0
2
-6
-3
-2
-3
-1
-1
-6
-4
-4
-16
-5
-5
-10
-3
-9
-8
-1
-6
-7
-9
-9
-3
-5
-5
1
1
-5
1
1
0
0
-5
1
0
-9
-6
-3
-6
-4
-7
-12
-7
-7
-2
-1
-7
-1
-3
-11
-7
-8
-10
-5
0
0
1
1
-3
-4
-11
-13
-3
-10
-12
-4
-6
-7
-7
-6
-4
-9
-5
-3
-7
-2
-4
-6
-8
-9
-2
-5
-9
-2
-4
-7
-5
-3
-6
-5
-5
-13
-11
-4
-3
-3
0
5
-1
-2
4
4
3
0
0
10
8
0
6
9
6
9
7
4
7
5
4
3
1
8
9
3
2
5
6
1
3
11
7
4
11
11
15
20
20
19
18
18
25
18
19
28
23
22
21
18
17
12
8
4
3
5
-3
-3
1
1
10
5
3
16
16
18
24
29
38
38
38
46
48
46
40
43
41
30
29
26
14
9
10
1
-4
0
-4
-1
-4
-7
2
6
9
18
25
30
40
50
51
52
58
58
55
51
46
41
33
28
22
12
9
0
-4
-9
-22
-18
-21
-30
-20
-17
-20
-2
12
5
20
30
29
42
46
45
54
58
46
45
42
36
37
29
16
5
-1
-8
-21
-28
-30
-30
-28
-31
-28
-24
-22
-17
-11
-8
1
13
14
16
24
24
27
37
31
26
25
17
11
1
-7
-18
-28
-30
-38
-35
-36
-50
-36
-38
-48
-33
-36
-37
-20
-22
-25
-11
-3
-6
3
6
-5
-3
-2
-8
-8
-13
-22
-27
-26
-35
-44
-36
-38
-42
-34
-37
-41
-30
-26
-32
-25
-20
-13
2
4
2
4
2
-3
-4
-2
-8
-6
-2
-16
-22
-19
-29
-32
-31
-33
-35
-38
-35
-35
-31
-21
-21
-17
-12
-9
0
-1
-3
3
3
5
13
5
4
7
-3
-4
-2
-8
-7
-9
-16
-20
-18
-28
-28
-26
-27
-26
-29
-31
-30
-28
-26
-33
-25
-17
-24
-14
-5
-9
-5
4
1
5
13
9
8
8
8
11
9
8
4
-4
-8
-16
-15
-18
-23
-23
-24
-24
-27
-24
-21
-27
-25
-15
-11
-6
8
13
15
16
19
23
19
25
28
20
21
22
8
4
3
-1
0
-8
-18
-19
-24
-27
-20
-20
-21
-14
-15
-9
-3
3
10
16
16
16
20
18
14
21
21
12
10
6
7
7
-8
-6
-12
-18
-10
-10
-8
-3
-8
-10
-4
-4
3
9
10
12
19
22
14
8
12
11
0
6
10
7
12
4
-6
-2
3
4
-2
-5
0
3
7
7
7
11
14
18
12
10
9
5
8
11
14
12
11
7
7
7
12
7
15
19
-1
7
16
4
2
10
10
2
8
10
-1
4
7
0
3
1
1
5
-1
-5
5
3
-2
0
0
4
2
-2
-1
1
0
-1
2
0
1
7
-3
-14
-2
2
-2
5
1
-2
-5
-9
-4
-5
-5
2
-7
-5
-2
-7
1
6
3
2
-2
-3
-4
-6
-3
-2
-2
3
0
-6
-4
0
-2
-1
2
-6
-8
-1
-4
-11
-3
-4
-11
-7
-7
-9
-5
-5
-10
-13
-10
-11
-10
-2
-9
-4
2
-6
-6
-2
-6
-8
-6
-3
-1
-5
-4
-8
-12
-8
-3
-9
-9
-3
-5
-6
-5
6
1
-2
7
-4
-1
6
3
1
-1
-1
-3
-1
2
-2
6
7
-6
3
6
-2
4
4
4
2
6
8
2
0
4
3
0
-2
-4
-6
-7
-2
-2
-10
-9
-8
-8
-9
-7
-5
-5
-1
0
-3
-2
-11
-10
3
-7
-10
-2
-5
-1
1
-7
-4
-5
-13
-11
-10
-6
0
-6
-5
2
-2
-4
-5
-9
-9
-10
-11
-14
-11
0
-2
-7
0
0
-3
-9
-10
-7
-6
-3
-8
-4
-2
-8
1
5
-2
-6
-3
-7
-9
-11
-14
-14
-8
-5
-7
0
3
-2
-3
-5
-10
-12
-6
-6
-4
3
1
2
8
12
4
-6
-2
-4
-8
-5
-7
-4
-4
0
1
-2
8
8
1
5
1
2
6
5
12
14
12
14
9
8
5
7
11
7
1
-3
-8
-9
-2
3
2
1
1
0
-6
-3
0
-2
-1
1
2
7
4
4
7
2
0
5
5
6
2
5
4
0
9
7
3
3
3
6
5
1
0
-2
-6
-2
0
-2
-3
2
4
3
5
8
7
8
7
3
6
6
10
15
16
18
13
11
6
0
-2
-3
-2
0
-3
-6
-9
-9
-4
0
6
10
4
-7
-7
1
-3
2
11
6
6
20
18
9
11
3
-4
0
2
-5
-7
-7
0
4
6
5
4
6
-1
0
5
4
10
11
12
14
6
14
18
9
10
8
6
7
5
5
1
-1
2
2
0
3
3
3
4
6
2
2
9
8
10
11
9
9
2
4
9
11
11
9
2
3
7
-4
0
-3
-13
-2
1
0
4
7
2
2
11
4
-1
1
1
5
8
5
3
4
10
3
-2
1
0
-4
-5
-8
-11
-8
-6
0
-1
4
3
-5
1
1
0
3
-2
-7
0
-1
-4
2
2
0
0
-6
-3
-4
1
3
-1
-1
-6
-4
-1
0
5
7
4
6
1
7
4
-1
2
1
2
-3
-7
-7
-5
1
0
3
2
-3
-6
-5
0
1
-2
-1
-1
0
-2
-2
2
5
6
-1
-2
-5
-7
-5
-10
-12
-8
-8
-9
-9
-8
-7
-7
-8
-12
-11
-9
-13
-12
-7
-5
-6
-1
3
1
-4
-5
-5
-5
-9
-5
3
0
-4
0
-2
-8
0
2
3
5
-2
-4
-6
-6
-3
-3
-5
-5
-4
3
-3
-5
3
-7
-10
-7
-8
-8
-5
-4
-2
-2
-3
-5
-3
-1
-5
-4
-3
-9
-6
-7
-16
-11
-11
-16
-9
-9
-13
-11
-15
-16
-14
-17
-13
-16
-18
-11
-8
-4
-8
-5
-2
-8
1
-3
-15
-13
-10
-6
-6
-3
-3
-10
-5
1
-4
-7
-5
-8
-11
-9
-8
-7
-5
-2
1
-3
-9
-2
-5
-6
0
-3
-8
-4
0
-2
2
3
4
8
8
5
6
-2
-7
-4
-3
-3
-4
-5
-2
-1
-2
1
2
-1
-3
-1
0
2
8
10
7
9
9
6
6
9
10
2
2
1
1
3
-2
-5
-3
-4
-2
2
-2
-4
3
3
1
7
2
1
5
6
13
16
13
12
13
14
12
9
12
8
9
14
7
9
12
5
5
10
7
8
5
4
7
4
2
5
13
11
7
10
9
7
10
11
9
6
7
10
2
2
2
-1
1
3
3
-4
-9
-8
-8
-10
-8
-5
-3
-2
-2
-1
-4
0
2
-1
1
-2
-3
2
3
0
-2
-3
4
6
1
-3
-6
-6
-4
-7
-10
-11
-9
-5
-3
-3
-5
-7
-10
-8
-4
-1
-2
1
0
-3
-2
0
1
2
4
3
1
-2
-1
-3
-2
-3
-7
-9
-7
-6
-10
-7
-9
-10
-6
-8
-10
-8
-11
-10
-4
-6
-2
2
-7
-3
4
0
4
10
4
1
-1
-5
-3
-4
-2
-2
-9
-3
-7
-9
-1
-10
-15
-14
-17
-16
-13
-12
-10
-9
-5
0
-5
-2
-1
-3
1
-2
-3
2
-1
-2
2
1
6
4
1
4
2
-3
-3
-6
-8
-2
1
0
4
5
7
12
7
8
11
4
14
15
11
10
9
12
10
9
8
6
3
4
-2
-13
-9
-6
-7
-9
-10
-10
-10
-7
-6
-9
-4
5
3
-2
-3
-4
-1
2
0
2
6
2
3
5
1
-1
-7
-7
-6
-8
-4
-6
-7
-2
-6
-3
10
6
1
7
8
12
9
10
11
8
16
19
21
17
10
12
11
8
8
7
3
-1
1
1
4
6
4
7
4
5
8
5
6
6
14
13
4
4
5
6
6
8
13
10
9
2
-2
2
1
6
7
-2
0
-2
2
7
6
2
-5
-8
-3
3
-1
-3
-3
0
0
-1
3
-1
-5
-5
-2
-4
-4
0
0
-1
-2
-2
-5
-3
4
0
-6
-8
-4
-3
-1
1
-3
-1
0
0
2
1
-1
-2
0
-1
-6
-3
2
3
8
4
-2
-2
-5
-3
-2
-6
-3
-3
-4
0
5
7
4
2
-2
-3
-1
-5
-3
2
0
-3
1
1
-1
3
1
-5
-4
-6
-7
-6
-8
-9
-5
-1
3
0
2
0
-6
-3
1
0
-2
-4
-5
-5
-1
1
1
1
-2
-5
-6
-10
-8
-6
-8
-9
-10
-6
-5
-6
-3
0
-7
-10
-2
-2
-5
-4
-5
-7
-3
0
0
0
0
-3
-3
-3
-8
-7
-1
0
0
1
7
2
1
6
6
5
7
7
5
6
5
8
5
7
8
6
7
6
3
1
1
1
1
2
-2
1
5
1
2
6
4
5
3
2
6
2
0
-1
-4
-3
-5
-6
-6
0
-2
-2
2
3
4
0
2
3
-6
-5
-4
-10
-6
0
-2
1
2
-3
-5
-10
-13
-10
-10
-14
-15
-13
-13
-11
-3
1
-1
0
0
-8
-9
-6
-11
-4
-7
-11
-6
-5
-6
-5
-5
-8
-10
-12
-14
-15
-8
-5
-9
-4
-1
4
6
3
2
3
-1
2
5
-1
-2
-1
1
5
2
2
-1
-5
-4
-8
-12
-13
-9
-5
-4
-4
-6
-5
-4
-1
4
3
2
4
4
1
0
-1
2
2
-1
2
-1
-6
-5
1
4
-1
-7
-8
-8
-5
-3
-10
-10
-3
-4
3
7
5
10
12
10
6
5
4
5
6
5
3
1
3
7
10
13
8
6
6
4
5
-1
3
9
9
10
12
11
11
11
9
10
5
0
1
1
2
2
0
5
8
12
13
9
5
1
-4
-5
-1
-5
-6
-3
0
3
0
0
4
4
4
3
-3
-6
-3
0
0
1
5
7
9
11
9
7
8
8
6
2
-1
-1
5
5
2
1
-1
0
-1
1
-2
-3
-2
-1
4
5
4
3
3
4
7
10
12
9
8
6
5
8
7
7
6
2
6
5
6
11
9
2
-1
4
8
8
6
7
4
4
10
7
7
11
8
4
8
9
7
11
6
3
4
3
3
3
5
5
0
3
5
2
3
6
1
-1
2
6
4
6
8
4
9
13
6
3
6
7
5
8
13
9
9
16
15
12
16
15
16
19
11
8
6
4
5
8
10
8
9
5
5
6
5
2
-1
-1
-1
-1
-2
0
3
4
0
-4
-5
-6
-6
-8
-14
-18
-15
-13
-12
-9
-14
-20
-17
-18
-18
-21
-22
-19
-20
-19
-14
-15
-18
-15
-9
-9
-9
-14
-16
-15
-15
-19
-22
-21
-22
-19
-13
-15
-20
-18
-13
-17
-17
-13
-15
-17
-18
-15
-16
-18
-14
-11
-12
-8
-7
-7
-8
-12
-9
-5
-7
-7
-7
-7
-3
0
1
3
6
6
5
5
10
11
10
7
7
12
15
17
18
18
19
21
25
27
23
17
19
18
14
16
15
13
16
13
11
14
14
18
17
12
10
11
8
6
10
7
7
6
12
11
6
13
11
5
4
3
2
-2
-1
1
-2
-3
-4
-5
-5
-11
-11
-11
-16
-16
-14
-16
-20
-19
-19
-21
-20
-22
-23
-28
-28
-21
-30
-28
-23
-25
-23
-17
-15
-19
-16
-16
-13
-10
-16
-14
-11
-6
-2
1
2
2
5
12
11
9
15
14
11
15
18
17
15
15
15
16
12
15
17
10
9
14
13
13
17
10
3
7
8
3
4
3
-10
-9
-3
-8
-5
-4
-8
-7
-9
-6
-9
-14
-9
-9
-12
-11
-11
-16
-9
-5
-8
0
-5
-12
-1
-1
-7
-1
-2
-3
0
-1
0
-2
-3
-2
-7
-8
-7
-8
-1
0
-7
-5
-7
-8
-7
-9
-8
-10
-19
-13
-9
-16
-10
-3
-9
-16
-11
-11
-15
-11
-6
-7
-6
3
2
0
4
-2
-7
-2
-6
-8
-2
-4
-4
-2
1
3
3
7
5
1
3
0
-3
-1
-3
2
4
3
9
7
4
11
10
7
14
14
7
6
6
7
6
6
4
-1
0
3
2
3
6
0
-1
2
-1
2
6
-4
-3
2
-1
-1
0
-5
-4
0
-3
-4
-5
-9
-12
-9
-3
-7
-3
-4
-11
-6
-4
-10
-9
-7
-11
-7
-2
-5
-5
-3
1
1
-4
-4
-2
-2
-2
0
-5
2
3
0
6
5
5
6
6
9
7
1
4
0
-1
4
-1
-4
-2
-3
-4
-3
3
6
3
4
8
2
0
8
7
1
9
7
0
7
11
9
12
15
13
9
11
9
7
9
4
0
5
5
2
4
4
0
1
2
-5
0
10
4
5
10
3
0
4
2
-3
-2
-4
-2
6
4
3
1
2
7
7
9
6
5
6
3
5
5
1
1
0
-2
0
4
4
7
8
-1
2
8
0
1
6
0
-3
-2
0
-2
1
3
-3
-2
6
3
0
3
0
-1
5
3
2
3
0
-2
-5
-5
-6
-5
-6
-8
-2
-6
-1
4
2
2
-2
0
2
1
1
1
-1
-6
-3
-3
-5
-2
-1
-1
0
2
2
-1
-3
-2
1
-1
-4
0
-2
-4
0
-1
-3
-1
-3
-3
-1
0
-4
-1
4
0
1
0
-5
-5
-4
-3
-5
-4
-3
-5
-6
0
-2
-1
8
4
1
1
-3
2
4
-1
-2
-4
-6
-2
0
-2
6
7
1
6
6
4
5
2
-4
-1
-3
-8
-7
-6
-9
-6
-7
-7
-2
-3
-4
-4
-1
2
-2
-1
0
-5
-4
1
1
5
3
-3
1
5
1
1
2
1
2
6
6
4
4
2
3
4
2
4
3
1
2
-1
0
0
0
2
0
0
-1
0
-3
-5
-5
-5
-6
-9
-4
0
-2
0
7
6
2
4
4
1
-1
0
0
-4
1
2
3
8
3
-3
-1
-3
-6
-6
-9
-5
-6
-8
-6
-8
-9
-6
-8
-8
-4
-12
-12
-2
-4
0
3
-1
-3
2
2
1
1
-1
-3
0
1
4
1
0
3
1
0
2
0
3
6
5
5
5
4
2
2
4
2
-2
1
3
3
1
-2
-1
-3
-2
-4
-11
-5
-2
-10
-7
-6
-10
-4
-1
-4
-3
-4
-7
-4
-3
-4
-2
-8
-8
-3
-5
-3
-1
2
4
3
7
6
5
10
6
7
8
3
5
6
3
7
10
9
9
8
9
11
9
11
6
3
9
4
2
8
4
3
7
7
7
6
4
8
10
2
3
4
4
7
6
3
1
3
3
2
2
1
-1
1
0
0
5
4
1
2
2
3
6
5
5
6
1
5
11
9
10
9
8
7
4
10
4
3
4
3
3
-4
-1
0
-3
0
-4
-7
-7
-6
-6
-7
-1
-1
-5
-5
-7
-9
-8
-6
-8
-12
-7
-3
-2
0
-4
-4
-1
-6
-10
-8
-8
-14
-11
-7
-12
-8
-5
-6
-6
-7
-4
-5
-5
0
2
-2
-2
2
-2
-1
1
-1
2
4
4
4
1
5
5
3
3
5
4
6
5
6
8
2
2
4
3
4
1
1
2
4
6
0
1
8
0
3
6
-3
0
0
-3
0
1
-2
-2
-1
-1
2
3
2
3
1
2
4
3
4
2
-1
2
7
6
5
4
8
8
7
11
9
6
5
3
3
4
1
4
2
-1
-3
0
0
-3
-4
0
-4
-4
1
-1
-4
-3
4
1
-4
-1
1
0
-3
0
0
1
3
2
4
4
6
5
4
7
0
-1
4
2
1
1
-2
-1
1
1
3
3
0
1
7
7
5
5
4
5
5
1
2
2
-1
0
1
-2
-3
-2
-6
-8
-5
-9
-9
-9
-11
-11
-7
-7
-8
-6
-4
-11
-5
0
-7
-2
-1
-5
-1
-1
-1
-2
-5
3
3
-1
0
-4
-2
2
0
3
2
2
0
-4
2
7
-5
-7
-4
-7
-3
-2
-3
-2
0
3
3
2
4
-2
-5
0
0
-3
-1
-1
2
2
-2
2
0
-1
4
3
1
-2
-2
0
1
-5
-6
-3
-9
-6
0
-2
-1
-4
-5
0
-2
1
4
-1
-1
0
2
6
3
2
0
-3
0
4
2
0
-1
1
0
0
1
-1
2
0
-5
0
2
2
1
5
2
2
6
3
4
6
3
5
5
6
7
5
4
1
-2
0
2
-2
-1
0
-2
1
1
1
2
2
1
4
2
-2
2
-1
-1
6
1
3
4
-2
3
8
5
3
6
3
3
4
1
0
1
3
1
1
0
0
4
7
5
5
1
1
7
3
2
3
-2
0
1
-1
-3
-6
-2
0
-4
1
-1
-3
0
-5
-3
-1
-8
-4
1
-4
-7
-5
-7
-4
-3
-3
1
-2
-5
-4
-5
-2
-6
-12
-5
-5
-8
-5
-3
-1
-4
-3
0
1
2
-2
-1
0
0
-1
-5
-1
-3
-1
2
-2
0
-1
1
1
-2
0
-1
-3
-2
1
1
2
1
0
-4
-1
2
-2
-2
1
1
-1
1
2
2
0
0
2
1
-3
-3
-1
-2
-3
-4
-4
1
0
1
7
4
3
3
3
7
6
4
2
1
-3
-3
-2
-3
-5
-5
-6
-4
-1
-6
-5
-3
-6
-4
-3
-5
-2
0
-4
0
4
1
3
9
6
2
4
4
0
2
0
-1
-2
-2
4
2
0
4
0
2
4
1
2
5
2
1
0
-1
1
-1
-5
-4
-3
0
-1
-2
-2
-1
1
-3
-3
-1
-1
-3
-2
-2
-3
1
-3
-2
0
-1
2
1
-1
2
1
1
5
2
4
4
0
0
-1
0
1
-3
-2
-2
0
0
2
2
1
-2
0
4
1
3
6
2
1
-1
0
3
0
4
3
2
4
3
4
2
2
7
1
1
6
0
4
3
-3
-1
-1
-3
0
2
-2
0
-1
-1
2
-3
-1
2
1
-2
-3
-1
2
2
0
-2
0
2
0
0
1
-2
-3
-4
-4
-2
-4
-4
-2
-6
-4
-1
-3
-3
2
-1
-5
1
-3
-3
0
-5
-4
-4
-5
-3
-5
-3
-3
-2
0
-2
-1
-1
0
1
2
4
-1
-3
-2
-2
3
-3
-4
1
-2
-1
1
2
3
1
2
4
4
5
6
7
2
1
5
5
2
2
0
0
-1
1
1
1
2
-2
1
2
0
-1
-7
-1
-1
-4
0
-3
-1
0
0
0
-3
4
3
2
2
4
3
-1
3
3
4
7
-1
-3
3
4
2
0
3
3
1
4
3
2
5
2
4
2
-1
1
0
2
5
1
3
0
-2
4
5
2
4
0
0
0
-2
1
-2
-3
3
2
-1
2
2
1
1
-4
-2
1
-1
1
1
-1
-3
-2
1
-3
0
-1
-2
2
-1
0
0
-3
1
4
-3
-3
1
-3
-4
-1
-3
-4
2
-1
-4
0
-2
0
4
3
4
1
4
6
7
4
0
1
2
4
0
-4
3
0
2
3
0
1
0
0
0
-1
0
-4
0
-4
-9
-5
-5
-4
-5
-6
-4
-3
-4
-6
-7
-5
-4
-4
-8
-5
-2
-6
-4
-1
-4
-1
0
-1
-3
0
2
-4
0
-4
-2
1
-6
1
0
-7
0
4
2
0
4
3
5
4
3
5
5
7
5
0
5
2
1
2
1
5
1
0
5
2
5
7
3
3
7
8
3
4
5
3
4
0
2
3
0
3
0
-1
0
-2
1
-3
-4
0
-3
0
-1
-4
1
-2
-1
4
-1
-2
6
7
6
6
3
4
5
6
7
-3
3
3
4
7
0
2
3
3
1
3
4
7
6
-2
1
1
0
1
-5
-3
-4
-2
-1
-6
-3
-6
-6
-4
-5
-2
-2
-3
-6
-6
0
1
1
0
0
3
10
8
4
7
10
7
7
4
2
8
3
3
4
1
5
2
3
8
4
3
3
7
6
5
3
1
1
-3
-1
3
-6
-9
-6
-6
-6
-9
-6
-6
-9
-5
-5
-8
-9
-10
-4
-9
-6
0
-7
0
0
-6
-2
0
0
0
-1
-2
0
1
-4
-4
-7
-8
-7
-11
-7
-6
-7
-7
-3
-3
-11
-9
-5
-7
-6
-7
-7
-4
-5
-7
-6
-4
-7
-3
-3
-5
-2
2
4
3
2
4
2
2
-1
-2
0
2
1
-4
0
0
-1
-1
4
1
-2
3
4
0
1
1
-1
0
-2
-5
0
0
1
-1
-5
-1
-2
-3
1
-3
-1
3
-2
-5
3
2
0
5
3
4
2
4
4
3
5
2
4
1
2
2
3
0
-5
-2
0
1
-1
-5
-5
-2
-4
-4
-4
-8
-1
0
-5
-1
-2
-3
1
-3
-8
-7
1
2
-3
1
2
0
1
2
0
3
5
1
2
1
-1
-1
1
5
2
1
-1
3
4
3
4
2
4
2
1
4
0
3
1
-4
1
4
2
0
1
3
2
0
-1
0
0
2
0
-4
-2
2
2
-1
1
1
0
6
5
-3
4
6
-1
1
2
3
4
2
4
4
2
1
0
2
3
4
5
4
7
6
4
6
2
2
5
1
-2
1
0
2
6
3
-2
3
1
-1
2
-1
0
2
2
2
0
-5
2
1
-4
3
1
-3
-1
-5
-2
0
-2
2
2
5
1
-5
-1
-3
-3
2
0
0
2
0
3
1
1
8
3
-4
-1
-4
0
1
-3
-1
2
3
-1
0
3
0
-1
0
-2
0
-1
-2
-1
-1
0
0
-2
-2
0
-1
-1
0
2
3
3
2
1
1
-1
1
3
4
5
0
1
5
5
4
3
4
1
1
2
0
-1
0
2
5
1
-2
4
1
-5
1
2
-5
-5
-3
-1
-2
-1
3
2
-2
-3
-2
-4
-2
2
-2
0
5
-1
0
2
-1
-2
0
0
-1
2
2
2
4
3
0
1
2
-4
-5
0
-6
1
3
-1
8
2
0
5
1
0
0
-5
1
-1
-5
-5
-4
-3
-7
-2
-2
-7
-4
-2
-1
-1
-3
-4
-1
-1
-5
-1
0
2
3
2
1
1
-3
-1
-1
-5
3
-2
-5
-1
0
-1
-4
-2
-2
-4
-4
-1
1
0
-2
1
1
0
1
-3
0
2
-1
3
3
4
4
4
4
0
5
3
2
3
-1
3
5
4
4
7
7
2
1
1
0
0
2
3
1
2
3
-1
0
-3
-6
-3
-4
-6
-6
-2
-1
-4
-6
-4
-7
-8
-4
-8
-7
-4
-6
-4
-2
-1
-1
0
-7
-5
0
-5
-1
-1
1
1
-4
4
3
-1
4
2
1
4
5
6
4
2
5
0
-4
1
-2
1
3
-1
0
-1
1
0
0
5
2
2
1
-2
-2
-3
-4
-6
-2
-2
-3
-3
-1
2
-2
-1
1
-5
-4
-4
-4
-1
-1
1
5
5
4
2
0
2
-2
0
-2
-6
-2
1
-1
-3
-1
-3
-2
-5
-7
-7
-5
2
2
1
3
1
-2
-1
-3
-6
-2
-3
0
2
2
2
0
6
5
-1
1
-2
0
3
4
5
5
5
2
1
7
2
3
2
0
4
-1
2
5
-1
-2
-2
-3
-3
-1
3
1
1
0
-1
-1
-3
0
1
0
0
0
1
0
-1
-2
-4
1
-2
-5
0
-4
-2
-2
-6
-3
-5
-6
-6
-6
-6
-4
-1
-1
3
8
7
4
1
2
2
-1
-1
0
2
3
1
1
3
-2
1
4
-1
1
1
6
4
0
3
-2
1
4
1
2
4
4
8
9
7
8
8
5
3
-1
0
0
-3
-6
-2
2
2
1
-1
-3
-4
-3
-6
-4
-2
-2
0
-1
-2
0
-3
-3
0
-2
1
1
1
0
-1
1
1
4
2
-4
-3
-2
-1
0
-2
0
3
1
-2
-2
-2
0
4
0
0
3
2
3
0
-1
-3
-4
-5
-3
0
-1
1
-2
-2
1
-1
-2
-2
-3
-2
2
-1
1
1
-3
-1
-4
-4
-3
-6
0
4
4
1
0
0
3
3
0
-1
0
4
7
5
4
6
4
1
1
0
3
4
5
5
1
2
-1
-2
0
-2
2
0
-2
1
-1
1
2
-3
-4
-4
-1
-1
-5
-5
-3
1
2
-1
-2
0
-1
-3
-4
0
2
-1
1
3
4
5
2
1
2
5
-1
0
-1
-6
-3
-2
-1
0
0
-2
-5
-5
-5
0
0
-2
0
-3
-3
-1
1
2
1
0
1
3
5
6
5
4
-1
1
0
-3
1
-1
-2
3
4
5
3
2
1
2
2
0
3
1
1
1
-1
1
-1
-7
-8
-8
-5
-4
-5
-4
-6
-1
-2
-2
-2
-9
-3
-4
-7
-5
-6
-1
-4
-4
-3
-3
2
3
7
7
2
5
4
1
4
2
1
5
3
0
4
1
0
-2
-5
-3
-5
-6
-2
-2
-3
-3
-2
-2
-3
-3
-4
-4
1
1
1
4
0
3
4
-1
1
-1
-5
5
4
-1
8
10
8
4
3
7
5
3
1
-1
1
3
5
3
-1
3
4
2
2
3
1
-1
1
3
3
2
-1
0
-2
1
7
3
1
3
3
4
2
1
3
2
2
4
-3
-5
-3
-5
-4
-8
-8
0
-2
-4
-1
-3
-4
-2
1
-2
-3
3
6
4
1
0
-3
-4
-6
-7
-2
-2
-1
3
5
4
6
2
0
1
-1
1
-1
-2
2
3
3
-3
-5
-4
-1
1
0
-8
-7
-1
2
0
1
2
-1
2
-2
-3
1
-3
1
1
1
-1
0
2
-2
-1
0
-1
2
5
2
5
4
2
7
7
4
8
5
1
1
2
-1
0
-2
-4
-5
-6
-6
-1
-4
-6
-6
-4
-5
-6
0
0
2
1
-1
5
3
7
5
-1
1
0
-1
3
-3
-1
4
-2
1
3
-2
-1
-6
-5
1
0
1
0
4
6
0
2
2
1
3
-3
-6
-5
-5
-8
-13
-13
-12
-9
-9
-8
-5
-4
1
2
1
5
1
0
5
0
-4
3
3
4
7
0
0
4
5
0
0
2
0
8
9
8
8
6
7
5
3
1
1
-2
-5
-1
0
1
-2
-6
-7
-5
-3
-8
-10
-3
3
2
4
5
4
3
-2
-1
0
-2
2
0
-1
-3
-1
1
-3
-7
-2
1
0
2
-2
3
5
3
5
3
3
7
8
3
1
7
9
4
2
-3
-1
3
-4
-9
-9
-1
1
-4
-10
-5
0
-4
-9
-6
3
3
3
3
-2
2
6
4
1
1
5
7
3
-1
-2
1
0
-5
-1
-3
-2
-1
-7
-3
-2
-1
4
1
2
3
2
-3
-6
-5
-6
-6
-7
-4
-2
1
2
-1
-3
-4
0
5
5
3
3
7
9
4
-2
-1
-6
-7
-8
-11
-2
-6
-10
-3
-2
-2
-3
-2
-2
-4
1
6
5
5
1
2
-1
-2
2
-3
-7
-5
-3
0
3
2
1
4
1
3
7
7
6
2
5
8
2
-1
-3
1
2
-6
-5
-5
-4
1
1
1
-2
-3
1
5
2
-1
2
3
4
2
0
0
3
-1
-2
4
3
3
6
5
1
-3
3
1
-1
3
3
3
1
4
4
0
0
-1
1
0
-5
-4
1
-2
-1
0
0
3
-6
-10
-5
-4
-6
-9
-6
-4
-6
-4
-3
-2
-3
1
3
1
-1
6
7
7
7
5
10
2
-5
0
1
0
-4
-9
-6
-1
-1
4
7
-1
0
8
7
3
2
1
-1
1
-1
-4
1
-6
-10
-3
-4
-5
-3
-1
4
4
-3
-1
4
2
0
1
1
1
1
-2
-4
-2
-3
0
3
-6
0
2
0
4
-2
-2
3
-1
2
3
2
6
3
3
-1
-4
-1
0
2
-7
-4
2
-1
2
5
4
-3
-4
0
1
1
3
3
0
1
-5
-4
0
0
1
-3
1
9
6
6
5
-2
-2
-2
-4
-3
-1
-3
-1
2
1
0
-3
1
1
0
3
-1
4
9
5
4
3
1
2
1
-1
0
2
0
-2
4
3
-1
-3
-3
-3
-1
1
0
0
0
0
1
0
-1
-5
-4
-1
1
2
1
6
1
-2
5
6
4
0
0
-4
-3
5
1
-4
-5
-2
2
-1
-3
-6
0
3
-1
1
3
3
4
1
0
1
1
2
-3
0
-3
-5
-2
-8
-10
-2
0
0
1
0
1
0
0
4
2
-1
2
1
-1
4
1
-4
-3
-3
-6
-5
-2
0
0
3
9
7
6
5
4
3
-4
0
-3
-4
2
4
6
3
5
5
-1
-2
-1
-1
-3
-3
-2
2
5
1
0
0
1
0
0
-2
-4
0
-2
3
6
-1
4
1
1
-5
-6
-3
-5
3
3
-4
-6
-8
-4
-2
-8
-6
1
-2
2
3
-3
4
3
-2
0
3
0
3
6
1
2
4
0
-1
-4
0
3
4
3
1
4
3
4
-1
-7
0
1
-6
-7
-3
-3
0
-2
-6
-4
-2
0
-1
-6
-2
3
2
3
3
6
8
4
3
-2
1
3
-1
-1
-3
0
2
0
2
-2
-3
3
0
2
6
3
1
-3
4
4
-2
-1
-6
-9
-4
-6
-7
-5
-3
0
0
-3
-2
-1
-7
-2
3
1
3
2
-1
-1
-7
-8
-3
-2
-3
-4
5
6
4
10
4
4
6
-4
-3
0
0
7
9
5
5
8
4
1
-1
-8
-4
-3
-5
0
0
-1
2
-1
-7
-2
2
0
-2
-3
1
1
1
-5
-2
3
1
0
-3
0
5
4
3
4
0
-8
-7
-4
-7
-5
-1
1
4
3
5
2
2
2
1
3
-1
-4
2
1
-4
-6
-5
-2
-6
-4
-2
-3
-2
-6
-7
-4
-4
-1
2
-1
-1
1
4
3
-3
-5
-5
-3
-2
-1
4
3
-2
0
6
8
5
-2
-1
5
4
1
4
5
1
7
6
-5
-4
-7
-5
-2
-5
-6
-2
-2
-1
5
2
-1
-1
-6
-6
-3
-2
-2
0
-2
-4
1
0
-3
-1
3
4
2
2
3
4
2
0
0
-2
-4
-5
-4
-4
0
1
-1
4
7
2
3
7
-2
-4
5
6
2
-1
0
-1
1
2
-1
2
-5
-7
3
3
0
2
7
5
-1
-1
0
-1
-2
0
0
2
1
-5
-2
0
-2
-5
-5
-5
-2
2
3
7
5
2
6
6
3
0
-3
-2
-5
-6
-5
-2
-3
-5
5
4
1
0
1
3
3
3
1
1
1
-1
-2
-2
-2
-3
-2
-2
-2
-4
-1
2
2
1
3
4
6
11
3
-1
-3
-4
1
-5
-4
1
-1
4
0
-6
0
3
1
-3
2
3
1
8
9
6
5
1
-3
-1
0
-1
-1
-5
-3
2
5
5
1
0
0
0
3
-3
-4
-4
-2
3
0
-1
1
0
1
1
-2
-1
5
4
2
4
0
0
1
-3
-7
-6
-4
-2
0
-1
-3
0
2
0
3
5
3
-1
-1
0
1
1
-3
-5
-1
1
5
0
-9
-8
-3
-2
-2
-2
-3
-1
7
8
8
5
0
4
3
2
-1
-6
-2
-3
-2
0
-2
2
1
0
2
0
1
3
3
2
1
4
4
3
2
1
1
0
2
3
0
-2
-1
3
1
-4
-2
0
2
7
9
4
5
4
0
3
0
-3
0
1
2
0
-2
-2
-2
-5
-7
-7
-3
-2
-4
-4
-2
3
5
4
2
-1
1
0
-1
0
2
1
2
1
3
1
-2
-3
-5
-4
-1
-3
-1
0
2
2
0
2
3
4
6
0
-2
3
5
3
1
-4
-1
1
-3
-4
-4
-7
-5
2
1
0
2
4
5
2
-1
-4
-2
0
2
7
3
-1
-1
-2
2
3
0
-3
-5
-1
1
3
2
-3
-3
-4
0
5
1
0
-2
-1
-1
4
4
-3
-8
-10
-4
3
0
-5
-4
-5
-2
2
-1
-2
-6
-6
2
3
3
2
-3
-3
-3
2
0
-3
1
2
9
11
5
-4
-8
-1
6
0
-8
-9
1
6
6
3
-4
-3
1
2
2
-3
-6
-4
5
10
3
-4
-4
1
4
-3
-10
-13
-9
2
9
9
-4
-8
0
3
6
1
-6
-3
-1
0
5
5
2
2
0
-1
4
8
7
-1
-10
-10
3
12
8
1
-7
-5
7
17
15
0
-8
1
8
11
5
-2
-3
3
14
8
-5
-9
-2
10
8
-1
-4
0
9
10
4
-9
-15
-7
5
13
2
-15
-15
-7
9
12
-4
-23
-23
-1
12
7
-10
-21
-6
10
15
4
-17
-24
-5
17
13
-8
-21
-20
2
18
10
-8
-28
-27
1
21
16
-11
-29
-17
11
23
11
-14
-32
-21
12
24
2
-27
-33
-18
1
8
-9
-34
-32
-11
9
10
-19
-45
-32
0
21
13
-27
-49
-26
23
39
-4
-47
-42
-1
37
33
-8
-49
-41
20
68
51
-17
-56
-20
45
81
40
-42
-66
7
97
103
3
-83
-48
53
120
80
-38
-95
-24
93
124
33
-83
-88
23
117
81
-29
-83
-43
27
63
31
-49
-78
-27
24
9
-28
-30
-27
-46
-51
-24
-7
-29
-66
-82
-73
-40
7
-5
-84
-133
-94
3
44
-43
-151
-159
-53
85
87
-91
-232
-139
73
160
21
-192
-229
-33
190
186
-52
-247
-153
128
280
139
-146
-240
-8
289
299
14
-208
-120
169
368
235
-90
-210
4
313
391
153
-151
-181
108
405
410
88
-242
-175
237
530
375
-82
-351
-134
371
629
282
-313
-436
44
551
553
76
-414
-439
92
646
548
-131
-621
-400
270
719
447
-346
-803
-365
502
832
228
-679
-890
-144
742
768
-130
-967
-806
189
902
533
-533
-1115
-531
547
886
129
-892
-1051
-130
809
661
-381
-1115
-749
316
890
255
-859
-1123
-281
661
658
-278
-1101
-849
204
818
265
-768
-1068
-370
521
667
-133
-1036
-942
106
839
405
-605
-1072
-525
502
908
158
-952
-1079
-1
1028
838
-300
-1093
-682
516
1232
649
-602
-1102
-250
1049
1352
303
-899
-864
359
1373
1105
-94
-911
-444
815
1482
824
-402
-822
-14
1127
1381
486
-549
-616
304
1250
1195
134
-755
-462
597
1205
837
-67
-710
-470
516
1190
684
-495
-981
-312
636
907
275
-711
-1131
-499
599
890
-63
-1227
-1377
-420
673
781
-362
-1653
-1597
-222
819
403
-897
-1759
-1304
92
899
122
-1401
-1980
-1012
501
1006
-96
-1670
-1951
-530
1021
957
-578
-1896
-1559
137
1364
855
-798
-1752
-850
770
1257
367
-810
-1181
-354
970
1288
114
-1071
-768
471
982
546
-91
-693
-586
687
1539
582
-631
-258
801
977
544
406
452
514
934
1332
901
164
448
1340
1273
569
464
899
1256
1374
1076
187
-234
853
2172
1957
714
-62
135
1161
2176
1966
540
-462
296
1796
2281
1508
287
-284
460
1738
1847
487
-657
-439
615
1426
1260
30
-1339
-1396
-310
290
-209
-1091
-1599
-1815
-1721
-975
-873
-2305
-3108
-2347
-2028
-2394
-2134
-1932
-2878
-3708
-2852
-1484
-1505
-2549
-3239
-3186
-2686
-1801
-1011
-1373
-2491
-2728
-1941
-1199
-936
-1173
-1763
-2031
-1333
-230
-109
-1005
-1491
-1059
-378
265
371
-676
-1544
-693
785
1105
440
-179
-519
-285
706
1172
540
-91
-240
154
1143
1801
1125
-309
-628
908
2574
2453
1169
735
1486
2232
2532
2636
2288
1677
2136
3753
4568
3627
2163
1586
2433
4476
5941
4552
1762
1785
4462
5859
5207
4101
3151
3099
4681
6443
5890
3345
1727
2641
4778
5987
5515
3455
-292
-4087
-3562
2559
7918
4962
-4806
-11218
-7842
-222
1797
-3017
-7710
-7855
-5774
-5002
-5184
-5374
-6844
-8648
-7306
-3244
-1429
-4580
-9182
-9310
-3771
1999
1951
-2959
-6156
-4408
-669
1356
1660
1948
1908
732
98
1351
2811
2613
1089
287
1684
3594
2745
-390
-1760
-1187
-1499
-954
1837
1698
-3788
-8688
-7410
-998
3349
-163
-7073
-9618
-6783
-2440
-633
-1631
-3248
-4828
-5025
-2615
-56
154
-1770
-3539
-1965
2340
4275
1179
-2749
-1992
2290
5364
5252
2503
-69
287
2471
4312
5434
5111
2779
479
1072
4333
6263
4651
1864
874
2819
5166
4494
2661
2758
3868
4165
3817
4302
5389
5279
4677
5263
6598
7525
6914
4928
4159
5750
7357
7488
7637
8434
5552
-4157
-11798
-5177
10916
16689
2441
-16448
-18593
-5858
2672
-875
-7939
-10067
-9184
-9650
-8894
-5170
-3896
-8206
-12602
-9575
-1040
1242
-6984
-14548
-10369
2242
9452
4758
-3782
-6882
-3795
803
3927
6390
7836
5397
188
-1291
3579
8184
5645
-140
-765
3956
6959
3294
-3070
-4925
-2110
781
981
-1321
-3944
-5667
-6697
-7277
-8146
-6748
-1655
-1289
-9535
-15416
-11404
-2745
1666
-2385
-8702
-8461
-3528
-1107
-1723
-1018
1098
404
-1667
499
4671
4719
697
-2346
302
6763
9292
4882
-452
-132
4183
6046
4725
3618
2859
1999
1494
1874
4018
6030
5042
1813
153
2312
4600
3401
1682
3069
6813
8375
5415
2928
4662
8311
11275
11663
9608
7940
7474
8010
10232
12898
13115
10617
9092
11329
9337
-6620
-23267
-13388
16941
28444
6030
-24826
-30449
-11280
2718
-1784
-10369
-10883
-9090
-12641
-14411
-6532
200
-6407
-17272
-14884
-328
7354
-1547
-14297
-13119
2491
15267
12203
384
-5418
-2629
1259
3599
8751
14937
12971
2835
-4472
-959
8119
8877
4
-4786
258
6589
4460
-4388
-8702
-5822
-3272
-4411
-5828
-4275
-3296
-7907
-13718
-12392
-4514
1064
-2094
-11796
-17803
-12261
-2094
1541
-235
-2344
-4434
-5215
-3784
-718
3095
3704
673
-1002
1619
6262
5926
157
-2538
3
3278
4715
3511
667
-1189
-795
711
1866
3034
2710
-1113
-3864
-2180
1653
5092
4978
2507
1966
3013
3442
2289
1756
4231
7464
9315
9922
9187
7988
7377
7612
10101
14103
15673
12898
8536
7505
10540
13456
13139
10809
10833
11637
-56
-24426
-29242
-909
25442
19206
-11966
-32540
-21773
-2769
-1187
-9688
-11503
-5534
-5058
-12451
-10342
884
1641
-9099
-15787
-7009
9280
11885
-393
-9808
-4857
9422
15209
8045
1640
1650
3077
1453
724
8471
16020
11122
-1052
-8051
-2561
6030
3127
-5493
-7382
-1908
2342
-2476
-9380
-8859
-6045
-7127
-9900
-8542
-2319
-1
-5396
-10778
-8835
-1765
1646
-1400
-5623
-5960
-1833
1427
1658
3132
3534
506
-1197
-660
2041
5210
3813
-189
-2424
-510
3935
3350
-1208
-3487
-3880
-2605
-970
-292
831
-48
-2913
-4481
-3720
210
2817
611
-1413
-570
2019
4281
4582
4918
5111
4483
4986
5793
6706
7820
7062
5962
6303
7577
9828
10040
7482
6601
7098
7420
8214
7835
7285
7632
6915
6763
7417
8229
6196
-10447
-30680
-22976
7375
24713
10680
-20038
-31147
-15727
-3726
-4899
-8194
-6346
-1671
-6166
-11104
-494
9225
3223
-9301
-14009
-1845
13494
13794
3906
-3570
318
9849
10672
5812
3450
3435
1811
-4002
-4005
6171
12620
7359
-5190
-12291
-6221
-427
-3780
-8441
-8674
-3979
-2023
-7044
-8815
-5019
-3662
-7208
-11197
-7569
1854
5781
1379
-3984
-3112
1536
3337
2109
1255
3251
3528
-1979
-3111
4200
8812
5347
-3812
-9941
-5034
3131
4557
-565
-6032
-5526
-2891
-3370
-3008
-1104
-1735
-4943
-6916
-3797
2214
4813
759
-5318
-4360
1999
5362
4380
2059
2430
4521
4104
3951
5866
7319
7215
4200
1759
4520
8122
7350
4050
3363
5535
5921
4477
3920
4965
7151
6799
4352
4418
5737
6802
5800
3157
4860
8532
7955
-4667
-27352
-29012
-1559
20519
16330
-8782
-26623
-17448
-5800
-6650
-8099
-5885
665
142
-8579
-3129
8814
7164
-3849
-12931
-6660
9193
14753
9187
144
-1328
6030
6675
2400
2169
3864
4036
-3277
-9696
-2940
6595
7798
-967
-11223
-9094
-2697
-4073
-8464
-9782
-4819
-1010
-4878
-6495
-2443
880
-1039
-7831
-9094
-1271
6301
7448
2847
45
2348
2844
18
-1082
1937
5208
3001
-1664
-2163
827
82
-6448
-8839
-3212
2806
3010
-4805
-11011
-7072
-2367
-1885
-1951
-938
1950
718
-4536
-3960
983
4654
4297
-588
-713
4862
6484
4104
1489
2130
5575
5395
3538
3524
4312
5913
4119
1309
3782
6468
6698
4639
1290
2700
5233
4925
5638
6966
9006
9136
4917
3379
5863
8047
8498
6650
5731
8051
8230
-6117
-29021
-27815
-1013
18303
13212
-10367
-23563
-13340
-6203
-9121
-9972
-6123
2109
214
-8350
-569
11302
8718
-3270
-12530
-5761
9294
14323
8621
768
899
6158
4857
714
1315
5457
4292
-6216
-11586
-5060
3138
4979
-3118
-10647
-7269
-3392
-5812
-10147
-10544
-4592
-1803
-5138
-4479
1764
6261
2448
-5974
-7550
-1211
5677
6913
3633
3504
5653
4164
212
-1444
1253
2708
-2524
-7959
-6231
-1696
-1295
-3970
-6234
-6904
-4637
-4089
-7956
-7376
-2599
-1061
-2125
-2915
603
4769
2566
-615
-1364
-616
3022
4061
1654
3144
5959
4838
1955
908
3253
4877
2805
498
221
2561
5647
5659
3377
2306
2802
2455
1929
3733
5833
6256
6017
6014
7761
9896
9416
7362
5902
6026
7044
7711
7943
8587
8022
-4077
-26222
-30547
-8685
13052
13648
-5907
-20981
-15445
-7695
-8197
-9383
-6866
517
532
-6828
-422
13173
13469
1714
-9779
-7394
6044
13694
11148
4782
2813
5078
3510
-4
831
4647
3134
-7161
-13698
-8542
135
3650
-2246
-9788
-8218
-4247
-5201
-8051
-7934
-3451
-2168
-5329
-3797
3359
9175
7364
-563
-4817
-1146
4368
5293
3716
4790
5983
4317
1470
-329
678
81
-4187
-6315
-4478
-578
-3241
-14587
-16409
-6380
1151
2881
-3348
-9795
-6299
-2535
-2260
-564
2724
6986
5354
753
3255
6231
4737
1214
-2921
-1287
4978
7485
4145
-201
896
2699
-248
-890
2085
3502
3082
1326
649
3315
6217
6598
4967
3695
5520
7063
5143
5801
9636
10916
9798
6921
5734
9225
11144
8462
4819
4008
-683
-19522
-32415
-17350
7180
15005
-200
-19053
-17219
-7446
-7757
-11087
-9657
-899
3964
-2150
-266
11980
16461
7758
-6210
-8905
1666
10158
10963
6832
4343
6587
5153
-963
-3364
-297
1015
-6422
-14868
-13033
-3446
3802
371
-7744
-8652
-5855
-6177
-8277
-7499
-1699
1747
-1422
-3075
2269
9741
10104
2326
-3105
-690
4166
5479
3766
4137
5895
4076
-448
-3134
-1477
160
-3814
-8829
-9334
-6856
-3313
-1956
-4658
-7849
-9529
-9027
-6286
-2811
650
1333
103
1205
2873
3982
4754
3361
1695
1651
2771
4027
3436
2111
1121
-401
-506
858
1401
1195
-48
-1353
-817
513
2147
3019
2715
3945
4886
3728
4175
5802
6292
6999
7886
8520
9213
9915
9655
7493
6684
7863
7517
6673
6198
6124
43
-19705
-32394
-19288
1883
10717
1102
-13937
-13247
-6431
-8122
-10823
-8657
-817
3207
-1715
1874
14764
18343
9193
-3102
-6279
693
6907
7767
5724
5733
7417
3957
-2610
-4590
-1411
-757
-7751
-14579
-13128
-5296
1277
-172
-5100
-5539
-3918
-5107
-7457
-5661
558
3657
619
-1116
3643
10165
10845
5019
-490
-645
2228
3032
2023
3089
4634
2285
-2465
-4783
-3207
-1676
-4456
-8301
-8182
-5242
-2520
-2083
-3430
-5260
-8023
-8609
-5410
-2179
862
2440
360
113
3444
5185
4313
2695
1811
1376
1118
2605
3526
2043
487
-1454
-3600
-3040
-561
488
-64
-165
326
619
1562
3039
3603
3572
3868
4292
4810
6146
7890
8103
7384
8305
8692
7100
7188
7926
7345
6949
5325
3948
4965
5580
1942
-13505
-31167
-26032
-5251
7237
4510
-8174
-12939
-7098
-6598
-9069
-7394
-2143
3023
425
181
11869
19580
13859
1953
-5016
-1482
3944
5187
4369
3828
5733
4720
-1760
-5476
-3612
-1857
-6438
-13942
-14069
-7516
-1316
188
-3204
-3971
-1769
-3401
-5851
-4404
529
4247
2034
-79
3527
8837
11185
7810
2401
908
731
-169
-48
1258
3331
2690
-1781
-4988
-4219
-2540
-4097
-7584
-8516
-6253
-3619
-2976
-2625
-1198
-416
-1296
-5795
-9807
-6222
-574
2409
4452
4371
4827
5209
2090
-196
-192
484
732
-934
-325
3054
3263
376
-2310
-3109
-2072
-1389
-1512
-989
1059
3162
2793
1874
3434
6123
7088
5355
3951
5599
7655
8101
8041
7764
8608
9609
6818
4268
5340
5316
4128
2761
1282
-2083
-16232
-29858
-20721
-710
7736
965
-11506
-12330
-4929
-5397
-7898
-5256
300
4028
669
2101
13787
18399
10729
255
-3912
439
4819
5301
4213
3802
4939
2275
-3575
-5317
-3149
-2686
-8434
-14699
-12431
-5293
-207
-380
-3848
-3480
-1613
-3563
-5431
-3213
2142
4546
1168
-399
4373
10324
10849
5557
1218
827
1024
192
-783
542
2976
1142
-3465
-5384
-3979
-2254
-4107
-7866
-7814
-4833
-2752
-1942
-1645
-634
337
-1144
-4746
-6568
-3517
298
858
1262
3042
4775
5028
2372
-450
-848
-734
-1490
-2110
-556
2036
1965
-312
-2047
-2354
-1740
-1479
-1745
-1316
346
2484
3252
2855
3706
4711
4221
4016
4780
5954
7061
7618
7760
7437
7761
8403
7297
6317
6229
5092
4022
3519
3228
2981
229
-9739
-24634
-25727
-8371
4700
3272
-5958
-11626
-6799
-4359
-7612
-5744
-1074
2653
1886
-212
8724
18427
14437
4320
-2109
-961
2857
3136
2856
3459
4502
3715
-1283
-4609
-3198
-1640
-5062
-12487
-14013
-7960
-2519
-486
-1692
-2645
-1451
-2869
-5197
-3637
692
3923
2176
-694
2213
7884
10285
7931
3594
1595
1024
-109
-464
711
2674
2027
-2157
-4868
-3844
-1689
-2273
-6150
-8144
-6451
-4165
-2413
-1339
-405
211
-788
-1874
-1833
-988
-1181
-4835
-6372
-1193
4532
6828
5720
2096
139
-838
-2986
-2990
-814
1252
1902
597
1046
2972
2326
-160
-2997
-3823
-2008
-523
1354
3826
5174
5443
4277
3649
5401
7468
7387
4918
3414
5148
8260
10232
9413
7149
5364
3893
3244
3487
4579
4946
1289
-9010
-23483
-25516
-9294
4671
4928
-4249
-12029
-8586
-4914
-6956
-5526
-2404
12
-448
-2239
6753
17901
15007
4442
-3414
-3203
2104
4174
4259
4492
4619
4325
517
-2871
-1375
-316
-4709
-11948
-13805
-8166
-2217
18
-1410
-3654
-3456
-4013
-5528
-3948
-570
1688
452
-2005
1028
7435
10084
7859
3783
1267
577
200
735
2451
3493
2041
-1171
-2906
-1658
-321
-2313
-5917
-6881
-5585
-4468
-3627
-2469
-1072
-1018
-2678
-3303
-2429
-2575
-3231
-3575
-3768
-1263
2435
3608
3899
3555
1580
-261
-1528
-1517
112
1484
1730
866
591
1441
994
-450
-1641
-2212
-1850
-1574
-469
1854
3550
3984
3033
2855
4475
5406
5701
5670
5533
6385
6777
7530
8815
8455
7684
5652
3683
4729
5017
5186
5815
3327
-2892
-16785
-26553
-14976
1423
5192
-800
-9792
-9320
-4296
-7210
-8344
-4557
-1685
-688
-2562
2738
14821
15969
6511
-1862
-3166
1173
3281
3068
4449
6477
6723
2815
-1377
-1141
347
-2040
-9238
-13243
-8643
-3055
-1354
-2098
-3412
-3271
-4213
-6716
-6419
-3134
-208
-914
-3225
-756
5371
8861
7470
3844
1895
1135
265
741
2611
4398
3859
926
-631
396
955
-1089
-4310
-5867
-5261
-4372
-4142
-3323
-1653
-1399
-3097
-4429
-3609
-2573
-4464
-6248
-5268
-3401
543
4161
3896
3773
3168
-192
-1783
-896
552
1746
1467
1609
2718
3145
2571
547
-1587
-2173
-2239
-2626
-1518
1712
3435
2654
2465
3123
3764
4385
4522
4918
5201
4913
5434
6784
8721
9489
7319
5192
5270
6016
5926
5274
4629
4337
2600
-8442
-22615
-18592
-2048
5400
1190
-8124
-10924
-5714
-6753
-10271
-7095
-2661
-1336
-4343
-2873
9185
15625
8121
-1585
-4140
-378
2832
3757
5302
7633
8501
4336
-967
-445
2642
1498
-5410
-10950
-8061
-2383
-271
-1065
-2873
-3391
-4766
-8192
-8372
-4826
-1837
-2092
-4505
-3303
2224
5948
4971
2371
1842
1633
-195
-24
3133
5826
5877
2801
630
2199
2775
575
-2263
-4230
-3647
-3152
-3875
-2622
-840
-1274
-3591
-5460
-4762
-3385
-3887
-8460
-12296
-5567
3620
5537
5731
2681
-2027
-1420
-1661
-2350
1846
4808
3696
2021
3740
7468
6050
441
-3924
-4957
-2657
-269
1127
2686
3763
3173
442
-576
2133
3668
2826
2034
2380
4717
6448
6551
7243
7333
6904
6144
4124
4709
7021
6445
5316
4706
5143
5245
-5621
-19968
-16030
-1461
4192
-585
-8234
-8609
-4257
-6801
-10887
-7788
-2428
-2532
-7119
-4265
7706
13024
5492
-3634
-3522
1391
2198
2310
4824
7516
8487
4347
337
2515
4790
1897
-4792
-8173
-4032
66
-101
-1389
-2154
-2347
-5019
-8876
-7719
-3804
-2620
-4204
-5328
-3091
746
3034
2276
-5
-188
-233
-1312
435
3938
5858
4949
2114
1492
3053
3111
1518
-654
-1961
-1691
-1778
-1569
-111
-138
-1903
-3704
-4153
-4668
-10284
-13594
-5848
1322
2459
2114
-2105
-3691
-372
-1573
-2723
587
2234
1863
2369
5027
7276
5456
919
-2994
-2611
626
2058
2058
1778
2253
2840
1108
18
1712
2674
1046
-517
934
3767
5596
5543
3588
3471
5071
4699
4562
5906
6279
5461
4639
4508
5503
7242
7464
6374
1308
-12182
-18841
-7679
3132
3543
-1438
-7351
-7047
-5336
-8158
-7824
-4964
-4947
-7238
-7847
221
9858
8136
19
-4404
-3417
-989
708
3417
5460
5986
5513
2869
2357
4934
4499
22
-4899
-5295
-1371
735
1042
987
-757
-3099
-5911
-6854
-3970
-2031
-3065
-4757
-4965
-2595
-253
280
-1
-626
-1357
-2293
-1751
1626
4655
4778
2750
573
789
2675
2946
1814
790
-793
-2120
-1523
797
2827
1465
-2014
-6472
-11324
-8504
-682
1595
900
-2118
-6149
-4221
-1251
-1274
-454
80
-1454
-1886
1676
5569
5593
2529
-1778
-2898
76
2233
3569
3981
2399
1562
603
39
2553
3838
1322
-960
-502
1631
3640
5055
4871
2539
1044
1780
3267
4773
5559
4997
4093
4137
4499
4934
5702
5890
5339
4718
3254
-3442
-12285
-10556
-611
3912
706
-4046
-4470
-3525
-6373
-7824
-5774
-4310
-4879
-6487
-3266
4282
5977
798
-3800
-3925
-2116
-1871
-505
3030
5029
4389
2158
1720
3664
3407
502
-2552
-3028
-538
646
809
2118
2152
-281
-3604
-4993
-3417
-2161
-3060
-4058
-3503
-1884
-1262
-1797
-1441
-743
-1538
-3392
-3715
-999
1998
2225
528
-230
1170
2173
1098
148
144
-128
-722
-573
1094
1089
-2965
-5001
-1764
1546
1602
-1354
-4313
-3905
-2387
-2629
-2207
26
921
-47
-483
80
897
516
-1444
-1962
14
1668
1792
2062
3040
3090
1607
425
1010
1864
1563
1111
1660
2395
2346
2749
3705
3228
1666
847
997
2043
3043
3117
3738
4479
3895
3373
3450
3683
3529
2584
2544
3446
4233
5143
4762
337
-6986
-8797
-3241
1091
2049
749
-1734
-3151
-5793
-6676
-3228
-2368
-4602
-5474
-3880
357
2761
489
-2289
-3179
-2693
-2528
-1706
2289
4675
2410
-229
-334
1645
2504
897
-431
-633
-23
912
1044
1795
2168
-277
-3222
-4158
-2494
-86
-377
-1867
-1497
-993
-1450
-1662
-1293
-764
-1653
-3169
-2867
-1468
164
1240
50
-1208
-731
-913
-1386
-793
-255
-231
-1664
-3576
-1673
1901
2225
810
-925
-1544
-658
-1613
-2509
-557
496
-1302
-2101
-29
1755
931
-1375
-2375
-1470
-687
-337
447
1260
1275
1277
1325
479
448
1405
854
451
1768
2266
2598
2333
350
826
2692
2136
1195
1396
1563
1616
2463
3133
2913
3156
3411
2824
2183
1930
2419
2789
2197
2212
3789
4849
3742
2457
2601
2267
349
-1418
-2170
-1770
-337
398
315
-450
-2295
-3353
-3540
-3846
-3474
-2675
-3116
-3690
-1596
676
-8
-1795
-2822
-2737
-2124
-2310
-1806
692
1470
-61
-265
647
1444
1322
89
64
819
593
195
377
1127
993
15
-571
-827
-89
203
-646
-1079
-1370
-1390
-1375
-1677
-1097
-348
-715
-1284
-1402
-898
-400
-762
-1377
-2037
-2293
-2075
-1066
535
206
-994
-1473
-1864
-365
727
-1223
-991
412
-1456
-2426
-682
991
744
-892
-1099
-592
-463
341
-171
-1092
38
460
-226
-729
771
3162
560
-1158
1826
377
-2016
1080
1424
-982
449
2173
1889
-181
-684
2464
2460
-105
198
2595
3438
1447
638
1923
1810
33
222
2473
2855
1003
966
3178
2511
418
1713
3275
1620
1214
2826
1479
952
2056
112
-974
518
403
-1044
-1238
-600
-907
-1781
-1398
-1364
-2185
-2093
-1556
-858
-1368
-2821
-2361
-1033
-1786
-3524
-2881
-1078
-910
-1240
-736
94
180
-746
-1389
-1353
-827
458
444
-340
118
111
-171
-45
-344
-808
-954
-1109
-859
37
495
795
-297
-2095
-1276
56
-802
-2089
-1362
3
-506
-933
193
-240
-2174
-2006
-791
-663
-199
89
-1422
-2206
-776
-197
-697
-701
-539
707
728
-439
560
271
-1047
134
970
-101
-1080
670
3056
1345
12
630
79
1119
1935
1651
254
-3314
-1132
3745
695
-1466
2014
915
-1043
1615
1817
-794
-337
1904
2832
2272
1021
1316
657
-561
1060
1385
1616
2496
-521
-529
4047
3857
561
503
2519
1692
-1401
733
4053
1353
98
3229
2993
-991
-389
3957
3742
-1224
-1966
1610
403
-671
3049
2624
-1971
-1981
452
113
-1141
-1151
-249
-1148
-1740
276
883
-230
-993
-2199
-3064
-2023
-702
12
249
-137
-974
-1982
-1124
509
-841
-2071
-1224
-1049
-225
850
922
441
-852
-1760
-1694
-397
798
271
-416
-395
142
-524
-1779
-500
-65
-110
80
-1883
-888
534
-1397
-1944
-2285
-2155
185
-280
-1074
1366
44
-2934
-1095
500
33
333
-216
-1125
-1088
-99
3182
2256
-2650
-667
2810
-457
-2837
1409
2694
-2854
-2465
4841
2789
-4617
-275
5248
185
-4849
-1264
2913
2087
1206
-19
597
1581
-166
100
1924
415
-1096
1216
4007
2986
-691
1022
2397
-247
-244
2528
2336
-1793
479
2344
-545
470
2177
1230
-592
-263
1686
2017
222
120
2097
1599
-1350
-100
3325
1375
622
2540
286
-484
2105
1985
108
-1204
238
1860
959
994
298
-1535
-2022
-1104
1030
933
-2001
-1445
715
-1442
-1344
718
-1063
-1489
-217
-1257
-1236
1046
571
-797
427
750
-1278
-1129
1476
578
-1162
-1603
-2246
-502
1350
1845
300
-2913
-2422
-27
158
-577
-3459
-4624
279
2105
-6
-642
-1824
-1543
-436
-913
281
-280
-3181
-1241
1977
2804
372
-1776
-850
-3842
-1498
4922
-168
-3952
-732
-414
-1093
1146
1372
-1947
-2252
-2213
1074
3458
-1801
-3932
276
2843
-1493
-87
2932
-1145
-1204
685
1084
-810
-1365
981
1268
1537
2240
653
-2363
-1679
2957
3274
-1950
-2303
3302
2711
-4211
-895
4807
-813
-3755
377
3381
892
-761
2182
162
-1223
2427
481
-1588
-559
1728
3045
-1710
181
3068
-1501
-2427
-143
1838
2067
403
-2319
-811
2882
1050
-2891
-2394
2215
1330
-2325
-1563
1987
3164
-1828
-3001
2775
2974
-3236
-3469
1420
2095
-709
-2383
1231
3276
-608
-1511
-2140
-2618
1473
1828
-3238
-3198
1521
1638
-1534
-3655
-383
-321
-4165
-255
920
-2039
-1087
2081
784
-1172
1166
-1009
-2823
15
2066
749
-3249
-883
3243
20
-1766
1567
788
-3885
-1950
2551
986
-5334
-1250
4494
-2823
-2438
2010
1331
-1307
-2495
1209
225
-2328
-1706
193
697
-31
3353
2387
-4473
-2124
2512
1135
-16
-1492
-388
2311
2312
284
-1199
-2172
-683
2650
2128
-1753
-3846
261
3388
-309
-923
2732
675
-3225
-543
5443
1799
-6995
-275
7965
-1452
-5003
2801
1880
-2962
121
6178
595
-7142
961
6398
-1339
-3707
1648
1667
-2503
609
3509
-176
-1508
-1049
637
1582
547
151
1252
1672
-1566
-388
2393
837
-2068
-3422
2285
6541
16
-5118
1616
5998
-1782
-5410
-446
2037
670
-2
-703
430
3418
-2629
-5435
2301
3881
-1828
-4882
604
4025
-433
515
2265
-1550
-2748
-768
1307
-989
-1644
2081
204
-2881
1496
5136
-942
-5410
812
4686
-2996
-5598
3528
4606
-2894
-2767
2869
2708
-4191
-2973
4001
828
-2774
554
833
-3193
408
3146
-1064
-1458
-343
4550
1489
-7405
828
7214
-1257
-5227
536
4444
319
-4854
12
4843
1221
-1023
-3791
-274
4030
-3858
-1740
7366
-497
-6714
4019
4168
-6351
-987
4493
-378
-3285
1012
5242
-1318
-6813
-2595
5798
6019
-4078
-5393
6223
2212
-7798
1527
5002
-2000
-3304
2532
1585
-2886
2445
2089
-2649
-661
2128
-328
360
1522
-3437
-744
3880
-695
-544
2603
-2014
-1428
1393
258
1755
-2033
-2386
3886
-115
-4855
529
5969
-645
-7835
4835
6599
-9533
-558
6913
-2553
-526
751
-873
3554
2341
-4101
-517
934
-1363
2787
295
-3234
1174
2855
-3497
-3290
7860
2991
-8964
1229
7510
-1856
-4495
679
3462
-119
-1951
728
2035
-644
-1299
3001
180
-3569
1649
1182
-1930
766
1464
-1543
-3216
1162
3483
1690
-3093
-3113
1808
-489
2680
1854
-4701
-583
1854
808
1171
-118
-1817
403
1375
-86
-1470
-2656
1852
2202
-883
-969
576
5359
-1609
-6227
2559
3763
-1161
-3996
-398
4005
-117
-3328
26
1567
-1139
-253
5454
611
-6303
-1933
1857
2375
2125
-2066
-1888
2931
-1186
-2007
2568
1771
-1113
-5569
-290
6022
-1949
-4132
3024
4137
-525
-4930
-2189
4943
-883
-5296
5170
1780
-6153
2949
4673
-3667
-2785
3403
436
-6278
2595
6443
-4909
-2350
3479
-1391
-2289
3816
1594
-5727
-1522
3365
1946
-3468
-2169
3362
340
-2713
-1302
-17
-953
2575
2752
-3432
-438
3136
200
-1856
-1062
2987
-198
-4507
133
3608
2282
-1045
-3208
-2274
1968
1503
-983
1
-1065
787
-711
-3166
3297
2014
-2879
75
918
257
-206
-2793
-34
4056
-2919
-3951
5103
1633
-4051
1163
3084
-3078
-3087
2253
1435
-951
-406
-939
-2060
2020
3351
-152
312
-2178
-2665
-309
-961
3010
2593
-3926
-1322
2923
-372
629
2554
-2268
-2663
1060
2935
-993
-2769
3360
1245
-447
1705
-1641
-1208
-133
707
-969
-3335
3336
1381
-3509
2387
4194
-1661
-7720
216
9931
-1230
-8275
471
4416
538
-2028
-554
1853
1321
-3119
-95
3747
-2102
-1570
3069
2213
-2196
-3418
3379
1327
-3760
-1187
1784
1280
-2094
-1039
2518
3949
-4222
-5223
3683
317
-1992
2249
1401
-1367
-1500
290
1906
-337
6
149
-3240
-1126
3514
2003
-1027
1156
-1520
-3192
1433
759
723
650
-4642
-499
3135
-1984
2176
2050
-4199
-1280
1999
-157
-1257
2888
2105
-4207
-3690
2219
1672
-2924
160
4247
-357
-2641
433
3642
-606
-4748
-267
956
112
-1181
3272
3698
-3354
-2628
3025
2561
-2781
-2172
251
161
1541
835
801
2838
-2897
-1659
2922
-1962
-1292
742
1162
2333
-322
-1242
826
536
-1462
-99
888
48
-1450
-555
562
40
3014
-370
-1092
-1434
-2039
4209
-1766
-3994
4284
2573
-3268
-1555
2194
-145
-1071
-1751
-1496
3133
937
-146
2349
-498
-1613
1389
1348
-809
38
833
-3207
-703
5595
-1220
-1318
3825
-3265
-3919
3455
-580
-2318
3423
-1537
-2342
1889
866
-87
-883
-1083
-239
1163
-604
-675
1174
1259
1294
-743
-782
-1588
990
2509
-3731
138
3302
-2114
-679
2309
-150
-1032
-622
216
1084
-284
-32
2861
519
-4879
1374
2032
-4630
1613
4207
-1441
-1397
1651
2357
-205
-816
22
-1260
-142
1464
390
-1516
1597
1958
-3555
1393
2330
-4464
-1925
3434
1746
-5072
608
6315
-3614
-2576
4297
91
-1511
-3142
1601
5132
-4260
-1015
4606
-317
-4965
-1038
6508
-243
-6354
1465
7137
-3151
-6205
7648
813
-7116
2422
1798
-2102
-1793
402
2266
-228
-725
601
1714
-1015
-2796
3153
1294
-3442
-433
3830
512
-3339
1873
1444
-1695
-235
1929
-445
-2077
235
1591
1474
-2161
-1031
819
-557
37
880
-617
-424
1280
-130
-1594
1931
4071
-4063
-3796
3071
775
-1898
851
3616
-1960
-3607
2364
1945
-893
-3060
1249
5497
-3086
-1638
4530
-1872
-3976
2338
2566
-3288
-584
2576
-317
-771
708
2401
-747
-4981
1457
4355
-2073
-2750
2489
2559
-2141
-1024
179
55
-574
26
3249
-170
-2513
650
-80
1432
2173
-4027
-894
2827
-2152
-928
3893
979
-3922
-58
1337
-409
1268
-14
-451
154
333
-266
842
704
-1406
-617
-1085
2145
956
-2525
2485
708
-1958
1771
862
-899
-1571
-1383
1689
1995
-1452
-2320
3331
2169
-3978
-949
2112
1283
-964
-1138
1485
259
-1328
256
1268
-1385
-1710
-3
719
3185
-1436
-3562
4857
1375
-4071
1688
911
-2230
624
-540
-1653
3725
-546
-4240
2601
-566
-4063
3015
3722
-2695
-4001
1257
3205
-992
721
403
-4159
1048
4214
-656
-2991
-64
1593
219
-1265
-112
2234
569
-2227
-1367
3807
-1374
-5496
3384
1859
-1819
-1215
118
2893
-2208
-2058
1949
78
-798
562
811
-1546
810
627
-1016
-128
-2375
1407
2703
493
-2646
-1822
4689
-1130
-4099
1941
849
-3174
-1752
2284
3318
-37
-3940
-33
3393
-2633
-2053
2758
-1254
-103
2974
-779
-1598
1034
2131
-1671
-1544
2154
-233
-2633
1346
4914
-1507
-3243
1185
-450
280
-232
-2103
744
-60
-2949
1051
2173
-2674
218
3275
-1828
-2725
1875
2430
-10
-1764
-1568
531
1349
86
-1526
773
2844
-1673
-2448
1309
1733
1875
-1221
-3018
229
457
1024
-525
-3054
919
2732
-1886
-2753
2663
1690
-2276
633
1159
-1567
-1994
2063
1856
-2518
1704
1439
-1810
-891
781
2444
-1761
-3295
-71
2971
-763
-2222
3772
-2168
-4057
2556
445
-666
129
-1391
887
1881
-1335
-668
679
-2925
1154
5271
-4628
-2745
6101
766
-5674
1343
4795
-4362
-2813
4214
1600
-2816
-2063
1093
3230
-1330
-3918
607
1470
-1455
124
1723
-167
278
-1655
-576
1792
-607
-1100
143
2079
2200
-1044
-2394
1166
3330
-1599
-1997
1729
-2101
-278
2251
468
52
-2631
590
874
-1909
391
-200
-2468
143
2677
-1041
-1521
-240
1155
1849
-1899
630
976
-1801
267
691
1176
-1206
-252
4968
-1482
-4100
2378
1985
-2656
-1433
4579
-957
-4362
709
1307
2270
76
-3370
-1430
1832
275
-774
2550
-503
-3330
1798
564
-1993
1977
1841
-2126
-1018
848
-85
1762
159
-2761
1791
2429
-2882
-418
2931
68
-2295
-809
873
153
839
487
-943
-882
-573
1332
2094
-1565
-2081
2066
817
-2504
736
2915
-1561
-366
2782
-590
831
-425
-2709
3587
1843
-4604
381
5488
-770
-4876
1895
1470
-3835
2492
1779
-3222
612
1156
1645
-21
-2108
699
346
-136
1306
639
-2569
853
3756
-1354
-848
691
880
-170
-776
3393
-531
-3393
2093
1745
-2734
107
4246
-2430
-3904
2475
1893
-782
-2210
703
4617
-1254
-2081
2012
-726
-588
880
1935
-1581
-2040
4436
1920
-4189
590
5725
-2808
-2956
2679
-6
-67
-952
-217
1113
10
1671
-556
-2124
393
-161
-421
-105
53
765
511
234
112
-493
-2054
1281
1748
-2889
329
3747
1571
-2717
-523
984
-1982
943
516
2124
775
-3533
1326
1042
-635
180
-1512
-361
278
301
1975
1246
-1509
-3499
493
2216
-1598
-1830
1643
2855
-2825
-611
3790
-406
-684
-471
1089
-83
-2981
1847
2938
-328
-4635
88
5617
-3285
-2078
3009
-269
-2087
-2382
1723
2709
91
-1245
-2761
2202
2871
-4266
339
4652
-2012
-3201
1555
2506
138
-183
-1140
250
2343
-3649
-739
4727
-3
-2649
-1051
3461
-858
-5183
3272
2526
-4451
-791
2004
1337
-155
-1974
777
677
-2518
105
905
-1939
1276
1950
-313
-1325
-715
2936
740
-1829
-195
-55
-1228
-112
1484
881
-327
-2222
-57
2520
-1239
19
-586
-3802
2508
1155
-2061
2916
930
-4863
162
4139
-1592
-3339
1880
2625
-3237
-506
3400
-819
-2659
298
2172
207
-1942
-643
2304
-1935
-2530
3895
-184
-3871
1705
2719
-1140
-1139
15
397
-1114
-1109
1755
-264
-1978
-227
-78
1456
1653
-2254
-515
2019
-1875
-1166
2884
403
-3137
-639
2703
288
-1799
649
1140
-2842
-835
2730
50
-124
-1616
-677
846
-786
-471
-41
959
-386
128
817
-1643
-907
2129
848
-2254
396
1513
-1823
-322
1923
412
698
-1168
-1720
1679
290
-1408
-264
1490
-1701
-1958
2696
147
-48
-823
46
-954
-3772
5237
1934
-5184
4
2297
282
-2355
993
1449
-2465
110
614
595
-1144
-2280
3827
1318
-4714
-86
5079
-1683
-4776
4503
1945
-4190
-1537
-322
3771
429
-3778
2900
744
-3077
-89
2032
278
-2106
1187
829
-1579
1018
1303
-217
-288
677
553
-728
574
877
-18
-475
-614
884
-686
-883
3083
232
-3344
497
1249
-595
72
-29
-1275
329
2718
-227
-3492
2212
4286
-4551
-1937
3404
-1228
-796
1798
835
199
-1655
-629
2430
-819
-1510
1288
744
-441
-286
1131
-1092
-1418
897
-460
739
687
-641
584
624
-674
-2951
830
3416
-2302
-2338
2313
2384
-807
-1573
880
1278
-1946
-233
2548
-925
-1651
401
1583
1187
-2336
-578
2786
-2657
-1421
3168
-138
-2261
-263
1761
162
-402
6
-576
303
368
-440
1340
-688
-2109
2587
2487
-1349
-1409
215
126
-701
-398
2810
-383
-3068
2291
999
-2478
-475
1630
109
-1907
1537
4602
-4451
-5598
6378
2607
-5308
-1423
3092
2057
-2410
130
4139
-3511
-5198
3991
3982
-2852
-747
3900
-1556
-4086
1427
2732
-1456
-1804
1767
158
-1154
727
270
557
-518
-2132
1495
1638
-2072
-431
-73
-195
1764
-375
-385
-189
-513
1924
557
-2570
-748
2931
-783
-1230
2456
-439
-1390
-100
238
941
377
-2004
-331
2928
110
-2221
1537
1011
-3650
615
1212
-1528
2351
946
-2641
551
2594
-1166
-2076
810
1060
-316
660
724
-973
569
737
-1694
547
857
-1572
1399
496
-1280
-127
-41
450
-1140
742
-27
-745
2110
-1009
-1537
1652
-260
-2085
513
1283
229
-185
237
-170
789
-56
-1854
-377
247
1015
-821
286
1985
-1665
-802
433
976
297
-2424
-1679
482
3219
-616
-3405
1645
1306
-1965
1460
1838
-2291
-504
345
-87
1494
-509
-1953
2171
1849
-1778
384
1015
-1069
-632
1227
804
-1060
-750
287
-346
414
-290
-290
3174
-1821
-3624
2930
163
-1517
2597
367
-1064
-1080
-376
1740
-1823
-1675
4176
1723
-4779
-508
5738
-448
-5098
1385
1999
-3386
-414
4405
457
-2553
-220
-386
633
-175
-2793
1403
2208
-2632
-849
2793
1030
-2201
-266
1533
-1214
-497
-460
321
2843
-1862
-2771
3489
2578
-3595
-1821
4616
135
-4392
1460
1460
-1309
-985
-1033
1934
403
-2534
1067
2916
-1297
-4311
1461
2461
-3290
-249
2737
189
-1089
-108
-771
-721
2781
1021
-1742
-384
-527
-943
884
1117
505
159
-869
844
-545
-1722
715
625
-930
-1105
1741
249
-704
652
-1845
-279
763
-939
1174
1706
-1519
-896
1058
-2444
-99
5458
-1014
-4002
1780
822
-1202
-237
1615
1563
-3547
-660
2558
-1361
-317
293
630
785
-3017
25
4921
-2481
-3668
2478
816
-2040
-2052
2608
2262
-522
-156
-1478
1208
1006
-2030
-522
2078
-469
-3297
2767
1125
-1893
2148
-1004
-739
1717
-888
462
67
-2440
-377
2019
703
-2345
1731
1123
-3801
1707
1846
-1728
-1506
9
2161
242
-821
-360
2024
730
-959
2234
-506
-2062
-280
1486
192
-3234
2300
4578
-2442
-2981
2137
1386
-2818
-1590
2702
140
-1735
836
161
-261
212
1550
214
-619
-153
-1741
1981
1099
-2370
348
1974
798
-2197
-981
977
687
310
-145
580
-1166
-658
-32
1085
1861
-3795
-1662
3360
564
-1994
260
1896
-1467
-2291
264
3019
497
-4328
690
2929
-1397
65
808
-123
-664
-776
718
330
450
-1231
-186
2314
-2437
-1653
3740
945
-3811
-609
1986
-1714
-750
2442
-269
-2076
1250
1851
-632
-872
63
930
1944
-2613
-3554
3478
441
-826
2740
-164
-127
-853
-1188
964
-511
-713
1443
191
-1666
562
1307
56
67
-1391
-738
1716
-18
-104
31
-1801
160
527
30
2264
376
-2175
751
233
-2588
537
3381
345
-2966
-408
2390
130
-571
1072
-1053
-2134
936
1796
-1648
-645
2363
-1765
-1885
1661
1033
156
-2149
-378
2284
-601
402
401
-1270
-30
501
821
-1132
-749
1067
819
462
-915
341
-336
-2056
1010
1541
-839
-2267
-599
2860
721
-1034
-163
-729
805
-616
-479
810
-2169
338
2859
-516
-1513
2148
1975
-3416
-1579
1895
-224
608
-231
-1234
1400
833
259
113
-526
-527
-255
571
-1740
-679
3411
362
-2401
476
-160
-1503
2212
1640
-1993
-494
1674
-1091
-1361
685
-60
690
-355
896
2642
-1879
-2657
2272
1580
-4269
-1582
4360
209
-4046
2341
2758
-2394
488
356
-340
-493
-1564
1300
344
-392
1092
1829
-710
-1777
2119
-1238
-1395
2346
-1785
-881
1951
-454
35
54
411
625
-2349
384
1958
-2355
-1391
2392
783
-1256
772
601
16
-1083
-1733
2301
-217
-2386
3602
1809
-3990
-993
2396
-545
-2185
233
1948
558
-2036
-507
2641
496
-1977
-941
-340
90
52
-540
326
1394
-466
-1990
3328
1476
-4727
27
1351
486
-104
-1138
2411
195
-1878
394
1645
82
-3660
591
2712
-2029
-910
1687
703
-1300
-252
1225
570
-113
-2339
-626
2153
-1113
-1605
2680
2599
-2460
478
4089
-1695
-3864
-22
3540
-1875
-3184
3725
1218
-2038
-468
2527
436
-3901
119
2079
-788
-1411
-631
2099
553
-2313
1304
1580
-1138
-1620
117
2166
-381
-1943
148
709
263
322
26
-732
671
546
-896
94
-564
-1003
-522
289
1353
912
584
29
-1570
-1876
467
28
-1366
1338
1444
-900
1212
1784
-1739
-919
249
-1180
218
1640
241
-91
73
-27
1099
-983
-2315
210
564
550
845
1603
-336
-4199
1076
4301
-3078
-3591
3226
1647
-2979
334
4117
-113
-3252
-606
2418
1133
-3623
300
5251
-970
-4592
1651
3148
-3049
-1617
4201
6
-3930
1228
3123
-1675
-2335
3321
553
-4401
-175
3179
1466
-3251
-1502
3305
538
-3040
-609
3759
901
-2731
681
2427
-772
-2423
509
2079
-692
-2626
1211
3058
-2269
-1298
2338
5
-2429
-650
2328
-311
-2933
1524
3025
-2953
-478
2860
-1502
-1390
1491
2298
-1268
-2161
1996
1364
-1694
-1238
3187
873
-5073
842
3834
-1563
-2455
1340
1738
-2114
-1225
2140
1594
-2238
-1111
3039
-1921
-2650
2453
-305
-525
954
337
733
-820
906
1622
-2061
-1274
1821
-145
-1859
690
2472
699
-2968
-1131
1495
247
-612
-539
464
174
-626
-526
-55
1243
-785
-2051
1919
630
-1934
1692
2662
-902
-1966
836
95
-984
537
-515
1635
1649
-2546
-352
1840
-584
-887
1141
-1027
-2455
1901
1014
-286
1256
-812
-860
-865
1013
1659
-2792
-222
1839
-1287
727
1217
-1075
1497
618
-2129
1782
487
-3671
674
4066
-979
-2513
1391
751
-343
-971
-648
1352
71
-2144
-956
2000
818
-1624
-279
93
122
1097
-702
-336
1656
210
-1558
-637
1703
-421
-1165
1296
371
625
353
-1322
-532
-307
-193
433
-500
401
307
-820
401
-508
-198
752
-417
-210
-98
186
458
-179
-404
233
1425
-861
-1872
1707
523
-143
586
-1299
303
297
-1187
430
1682
211
-1947
-104
574
-30
1526
-1121
-1617
1200
107
-2808
-406
4690
-790
-4342
2586
3582
-2175
-2485
2720
721
-3035
81
1974
666
-527
417
721
-646
-1633
462
1333
-1997
26
680
-987
1307
94
-446
652
-528
-923
206
1019
-482
-1009
1129
571
-637
197
1000
411
-1250
-767
904
1056
-1390
-842
2083
-65
-1835
1330
1645
-2232
-1888
2067
1054
-1982
146
1504
-776
-820
544
-109
-1002
162
598
-1053
-131
1972
912
-1188
-1085
887
755
-2105
-295
3557
-398
-3212
1935
2956
-2478
-2160
2180
984
-3153
-368
3513
-935
-2409
1917
2245
-2329
-2102
2452
1132
-2389
-731
3042
-254
-3412
1668
2861
-1797
-1650
3011
859
-3875
-110
2702
-1975
-1118
2918
-240
-1619
324
619
891
-1453
-1208
1290
-1147
209
1134
-1491
-100
1644
-136
-2153
1220
1928
-2201
-1634
1369
2912
-1247
-3751
2470
2862
-2042
-1910
2368
1598
-3608
-1009
2601
-3
-2476
270
2921
-1533
-2242
2279
329
-2192
-484
1639
823
-2230
301
1972
-1042
-993
708
209
-68
581
-115
-669
-232
443
753
-327
-1649
1110
1499
-1575
-307
733
846
31
-1871
295
1024
-808
76
622
-80
-626
-49
1341
-255
-1034
947
903
-1037
-285
1232
-1127
-613
1515
726
91
-1049
302
1900
-1132
-2200
1303
1807
-2612
-667
3293
76
-2470
69
1844
-470
-944
-281
284
745
-232
-466
1517
527
-2312
833
1806
-2357
-860
2547
431
-2055
-1134
2151
1285
-2423
-747
2037
-499
-1769
1537
877
-1583
-1133
846
1864
-1346
-1821
1912
937
-1219
60
777
-391
-349
134
-245
972
-173
-832
663
483
755
-1916
-1601
2821
644
-2062
-23
1226
-361
-739
1342
402
-1213
-476
197
489
-715
-639
1349
1221
-1634
-853
2539
626
-1620
-266
1234
182
-1701
-483
2532
40
-2949
1119
1405
-722
111
-384
205
97
-1006
509
1509
-91
-1932
511
1118
-953
285
-4
283
347
241
-147
-2033
871
1305
-1066
-762
-115
538
-275
311
351
-718
799
232
-1176
-642
1138
805
-903
694
-47
-1219
763
1935
-234
-2152
17
926
-490
-188
1239
587
-1648
-235
1568
-251
-670
-355
343
-127
-1361
1546
1340
-959
-620
-646
367
306
-122
255
1097
-1097
-2316
2597
1330
-2176
-669
1269
1510
-697
-308
287
-330
510
-894
-411
1322
-836
-663
2517
139
-3150
2257
2028
-4204
-900
3057
77
-2396
1308
1940
-2136
-537
2626
12
-2930
375
2373
-875
-1740
556
1625
-572
-1945
1246
1765
-1896
-1271
1810
127
-2143
315
2024
310
-2136
-1828
2841
1530
-3015
312
1514
-1307
-508
1386
334
-1430
-287
539
-710
-744
1531
1075
-1555
-468
741
-22
-520
-1131
474
965
-1197
-633
1004
1660
-94
-2297
538
1794
-2240
-1291
3010
621
-1939
944
1419
-1445
-718
1638
694
-1815
-1753
2236
1050
-2066
-683
1946
1169
-3314
-63
2854
-1134
-1793
1119
1228
-1291
-416
1259
760
-1302
-1433
2246
567
-2579
579
2325
-895
-1958
1724
1448
-1689
-1417
817
1457
-865
-728
817
391
-897
-493
1091
-809
-902
1480
754
-1389
-431
2167
58
-1779
-723
993
1460
-1853
-757
2990
422
-2173
174
2124
-514
-1647
287
-103
337
62
-271
257
168
823
-1299
-362
990
-1285
14
620
-381
0
668
282
-1215
-51
1469
-163
-1043
447
1305
-486
-392
1139
-700
-766
697
-118
-283
204
-255
537
66
-1071
498
630
-998
-774
1360
301
-1589
360
1617
-170
-580
-297
-731
1473
749
-1439
680
1361
-919
289
334
-1098
1031
-478
-507
298
-666
751
673
-886
-778
1054
-271
-380
867
-468
-135
85
54
-163
58
736
-493
-375
725
210
252
695
-1413
-573
1320
-860
-537
1632
-749
-1759
1869
348
-1073
726
83
-521
-958
606
402
-1258
848
163
-585
1036
362
341
-68
-987
109
480
-892
-445
1869
628
-1076
-248
1130
752
-2385
-54
2376
-1587
-1860
1797
1144
-2425
-147
2676
-1157
-2160
1580
683
-1510
526
914
75
-539
-780
804
1081
-785
-1081
1171
121
-1019
1160
496
-1289
511
1916
-1221
-1429
940
-742
-940
1221
1115
-1186
-1107
1128
277
-844
155
240
58
-462
-240
1428
212
-877
-177
5
-439
-227
1676
524
-1584
-254
1305
-668
-1050
1547
-699
-1728
882
325
-788
140
653
-257
-565
250
78
-60
670
-580
-814
-123
439
1140
-641
-665
1260
1067
-1167
-1400
420
822
-594
-1082
95
983
752
-1145
-731
513
576
-945
-1638
1840
1186
-1035
-1008
-291
2009
-613
-2152
1485
1597
-1727
-1387
3474
1226
-3116
118
1805
-911
-2180
997
1620
-836
-266
478
185
-756
-490
1297
173
-1421
12
1202
-271
-748
1057
-161
-1335
760
1213
-1369
-778
2531
191
-2147
207
2046
-478
-1858
1402
619
191
-340
-2062
1271
1847
-786
-2123
733
2907
-1483
-2363
1607
1746
-1864
-1129
1177
429
11
-904
256
1555
-294
-1395
710
2103
-980
-2211
1121
961
-1644
370
1541
-194
-294
-263
489
77
-1925
410
1688
-1223
-1215
1020
966
-547
-495
458
344
259
-443
-1191
884
800
-787
246
186
-313
-161
1209
197
-2004
1252
1527
-2342
-453
2255
-110
-1843
-230
1104
246
-1118
-709
1598
1286
-1208
-1269
1148
1209
-1669
424
1032
-1946
105
825
-182
761
568
-950
-143
1183
-754
-47
654
-1711
-191
2024
-319
-1474
1566
1060
-1822
-1106
735
626
-1367
146
1436
-1203
-746
1334
1174
-1132
-882
716
-950
407
1550
-562
-550
511
284
-100
160
266
781
-1332
-1758
2408
461
-2885
739
2277
-978
-1087
737
-37
-826
-100
525
-490
-243
864
-69
-149
588
933
295
-1593
-773
1655
941
-1922
-493
1572
-839
256
1030
-646
762
-166
-1524
59
393
571
-412
-1301
548
785
-286
-120
215
419
-362
-1003
232
214
97
781
-878
-569
2001
-176
-2048
975
922
-844
83
-416
-13
1028
-605
-321
709
-24
-642
-1180
411
1189
-378
-428
129
161
-631
-64
1092
-817
-1615
1090
1187
-1384
-742
1370
1454
-736
-2787
857
2522
-2022
-1455
1548
680
-1007
-225
983
-40
-853
-360
266
-655
-44
1398
-518
-776
906
774
-988
-943
1222
-322
-1268
921
762
-1088
-265
2212
-555
-2263
2134
1013
-2312
-194
1335
128
-1603
-123
2716
353
-3091
472
3372
-2233
-2882
2567
1199
-2433
-331
3167
-152
-2531
1222
1369
-1200
-1089
1632
918
-1804
-643
1496
1496
-1389
-852
1419
763
-964
-874
1275
-294
-1145
225
888
193
-1163
376
1088
678
-893
-1956
1980
806
-2989
1101
2279
-1615
-1497
2065
1050
-1975
46
1610
-150
-2341
456
2121
-1193
-709
815
916
-1147
-1378
1987
-604
-1534
2738
152
-2697
1053
2215
-1839
-2085
1438
376
-705
-204
636
1861
-1512
-1033
1741
-968
-1527
155
1726
-1068
-2131
3097
984
-2340
-392
937
787
-1608
-1774
1208
2009
-1571
-1223
2658
338
-1485
-650
304
125
-823
368
491
322
418
328
-292
-667
515
11
-893
230
1630
307
-2097
112
2294
-1642
-1895
3329
477
-3344
1658
2129
-2322
-1030
1258
-132
-936
832
1084
-703
-760
409
775
-292
-718
575
494
-669
-274
993
53
-1360
1250
1659
-1320
-652
506
176
238
-1095
-1197
1931
662
-2209
1070
2323
-1485
-1871
1171
1131
-1413
-1000
1138
913
-558
-1281
1268
1488
-2041
-279
1732
52
-1396
-295
1819
-151
-1855
566
1684
-1479
-986
2224
117
-1569
-691
1570
1248
-2723
-735
2990
-126
-2888
555
2820
-50
-1954
25
1646
-466
-1947
722
1183
-414
605
517
-550
-561
897
973
-1803
-210
1697
-607
-519
1119
504
-1164
-624
1095
860
-1347
-687
2198
-633
-2242
1653
1456
-1505
-425
1726
-335
-1882
678
1731
-751
-1636
1932
1072
-2559
789
1233
-1458
-328
53
476
604
-338
-87
-279
-685
537
1100
-1006
-1967
1003
1947
-1114
-1981
1557
2144
-2285
-1614
1664
680
-1066
-629
874
151
-736
-260
66
1189
-251
-1767
531
437
-1173
-287
1375
-20
-1715
747
512
-829
-54
-584
44
260
-790
91
1412
-216
-1976
237
1290
-552
-1058
-28
394
-21
-348
-695
874
1308
-1263
-881
1057
-977
-874
1499
287
-881
123
1420
-527
-2103
919
2476
-1752
-2782
2268
2000
-1639
-1473
840
836
-1375
-376
1626
-45
-1119
412
756
-22
-896
286
906
-1185
-142
1094
-412
150
1089
20
-466
-149
187
176
-437
28
368
-166
598
354
-587
357
512
-947
-332
728
-357
483
452
-727
1273
157
-1879
957
1059
-841
-7
661
180
-301
505
880
-355
-1516
204
2043
-739
-1293
2074
502
-2398
-95
1917
10
-1265
622
1014
-1129
-909
1508
797
-1570
38
1252
72
-118
-216
872
101
-2313
1048
2367
-1736
-669
1821
17
-968
570
-44
-279
792
-984
-509
549
160
422
-617
-170
1429
-275
-2265
425
1832
-960
-832
1457
144
-738
1289
167
-1259
678
326
-1259
-190
330
511
723
-329
213
571
-913
-1458
461
1022
-1611
-275
1821
-554
-963
718
283
-1329
-133
1708
-108
-1227
-195
512
35
-981
756
1577
-1381
-1114
1664
-200
-1793
980
981
-1718
-896
1487
1049
-1109
-1375
614
905
-1319
-1002
1691
749
-1365
191
603
-977
727
336
-2301
-190
2032
252
-948
467
88
-1010
154
248
-827
69
806
-456
-316
1025
-111
-1136
363
559
-526
-134
630
410
-370
-862
70
1247
-548
-904
2046
277
-2061
855
1424
-1474
-1320
1027
1164
-551
-973
912
1238
-910
-1479
931
1532
-1254
-1585
871
1507
-165
-596
656
566
-1055
-876
619
376
-76
289
357
111
-59
27
566
-569
-1305
430
674
-187
-1069
64
1305
-348
-609
-37
-59
-81
-613
-413
385
553
52
-179
-61
-329
181
892
19
-632
-437
-182
390
627
200
-353
-201
233
392
272
-1097
-1215
1025
624
-964
-124
668
223
-904
-382
1069
516
-365
-1003
-1064
736
1744
-351
-1277
989
1024
-1236
-1061
157
995
26
-1083
980
770
-940
-551
479
417
-915
-442
740
-291
-857
895
458
-554
805
368
-743
-630
-154
807
477
-950
-123
1251
-127
-1090
-13
1180
143
-1370
536
1132
-1425
-495
1672
-103
-948
330
50
-527
211
863
40
-721
-137
999
513
-1083
-100
1392
-376
-1318
1068
555
-1627
-35
1691
143
-1049
431
963
-949
-1275
1105
634
-1275
260
1323
-429
-817
609
164
-474
449
358
-433
-381
270
304
-11
553
563
-86
-413
232
464
-519
-36
97
387
396
-1030
155
717
-388
58
487
-648
-858
1019
534
-852
61
792
435
-341
-537
212
290
198
119
-108
964
43
-1050
1242
575
-2108
-616
1711
680
-1553
-367
1389
-515
-1283
758
864
-1239
-869
862
103
-185
227
-291
373
615
-762
-848
979
957
-1173
-675
1301
994
-302
-887
-646
484
356
-984
43
582
-979
-69
1701
293
-1797
-606
917
-164
-704
322
578
-435
-313
-48
-689
562
1157
-249
-911
-45
673
-666
-833
958
514
-1076
-89
693
206
56
-650
-342
89
-529
-25
603
-292
-539
280
275
-24
37
-257
-582
-159
-213
-525
252
1088
170
-1008
-56
990
-203
-1393
77
1160
-303
-1165
225
855
-340
-487
311
47
-750
-238
442
8
-357
-303
229
455
-119
-193
2
-122
-181
-517
66
887
-219
-34
1007
-62
-664
140
78
-870
-434
480
260
167
248
-354
-209
574
181
-659
-620
-102
354
673
89
-317
440
402
-241
41
-48
-426
271
358
74
5
67
652
399
-71
-443
-330
215
-359
-373
863
490
-641
45
886
287
-527
-477
-12
289
71
-232
-74
439
585
-205
47
678
-230
-608
50
420
-383
-663
845
845
-334
-233
253
439
-222
-598
36
179
-284
-276
568
200
-631
499
854
-523
-605
116
-336
-145
678
623
305
-747
-773
733
529
-387
74
-99
-350
242
254
55
-84
-4
251
174
-128
-238
-558
-207
145
-252
265
219
98
218
-467
-331
121
-135
-434
56
258
4
333
229
-167
-259
-88
-94
-123
200
-177
-139
225
-300
99
503
9
-99
37
299
-278
-721
-109
401
217
-205
175
-4
-437
263
426
-788
-676
769
119
-700
74
473
322
-297
-419
555
338
-631
-459
-107
311
281
-56
333
-112
-604
250
500
-341
-437
300
166
-426
-158
270
163
39
100
-67
-295
-10
-70
-329
221
358
179
-47
-214
180
227
13
-236
97
-42
-939
178
1046
-5
-341
197
363
-276
-361
232
-326
-221
561
86
270
148
-302
220
-140
-424
-225
116
165
-291
200
418
31
-225
18
167
-191
-68
-289
-324
189
297
273
-206
-165
574
145
-273
-256
-272
18
-223
-122
546
315
-173
1
-66
-468
-124
384
-291
-749
111
705
448
-288
-352
293
-189
-603
78
158
-296
-52
374
24
-68
279
3
-349
-262
229
270
-62
-51
-7
127
-39
-97
28
-190
-18
72
-338
-154
418
153
-266
-153
-213
66
107
-538
-50
576
-116
-194
242
125
107
-143
-96
321
158
-130
-118
52
379
197
-364
110
115
-299
307
357
-356
-623
339
518
-699
-197
731
202
37
-48
-177
255
-27
-411
69
501
136
-62
303
-75
-121
433
-111
-383
181
229
-89
-136
139
-11
-187
-44
50
196
-237
-138
306
-88
109
190
-174
13
109
-72
125
146
-192
-82
280
130
-256
268
76
-321
413
80
-241
272
234
-216
-306
189
239
-86
-14
-78
-114
-12
-37
431
321
-298
-273
-84
20
110
-110
-334
284
272
-3
455
166
-301
-78
144
-290
-433
36
285
397
263
-84
-148
64
126
-57
-271
-389
84
424
-376
-13
711
-174
-394
-31
155
89
-308
-26
214
-61
-5
139
148
-63
-354
-173
-6
-3
-88
41
204
-302
-241
213
128
-95
-94
82
-35
26
-73
-256
-15
12
-16
49
-13
-248
-235
328
187
-604
-114
443
-113
-433
37
186
-179
94
61
-296
-34
145
92
-87
-58
272
63
-215
-106
-127
-16
50
-163
-129
79
2
-146
67
-97
-198
110
-126
-60
141
-287
-178
424
29
-433
-11
328
111
-230
-56
-131
-127
65
-134
222
203
-166
73
-77
-356
-171
-29
-70
-115
125
224
2
-11
41
25
-245
-120
14
-309
-24
323
109
-146
59
220
44
-20
-118
-282
-97
51
12
207
90
4
128
113
-61
-334
1
-61
-373
389
324
-211
296
117
-215
125
100
-115
-150
144
278
-18
-133
26
130
227
113
54
111
-224
-43
245
-69
-43
310
-41
-296
252
123
-174
-57
29
-47
-89
254
223
-85
-146
279
337
-276
-81
488
-63
-510
327
410
-284
59
530
-47
-438
83
359
-139
-406
330
348
-366
-125
221
227
1
-40
27
-266
93
210
-222
89
197
-23
-45
-95
38
123
-68
-211
361
327
-366
-13
147
-56
110
-41
-204
128
8
-215
193
296
-162
-343
332
41
-560
-82
162
213
-311
-342
449
94
-411
46
289
-192
-234
417
145
-368
-48
106
76
-97
134
276
-42
120
-177
-306
-256
-219
252
-236
-332
408
275
-264
-111
118
-223
-270
-11
175
153
77
90
120
158
-60
-77
-151
-280
92
234
130
12
-202
-134
-3
81
-132
-419
-116
74
-97
-158
103
-62
-349
194
200
-210
1
172
43
-331
-50
242
-166
96
181
-174
-153
98
138
-119
-94
43
70
-201
-193
203
123
-149
-121
-32
-136
-21
-58
-130
81
-68
-131
62
53
151
227
-173
-216
79
66
64
-16
-176
27
350
124
-135
76
-140
-431
45
92
-62
179
-16
-97
22
-40
-93
38
209
-127
-225
108
44
157
415
134
5
116
-11
-135
-19
92
-185
-3
436
-11
-53
300
-60
-324
-19
177
-64
-239
-243
72
304
64
251
401
-190
-115
120
-148
-28
181
331
-128
-59
584
43
-167
89
-182
-169
36
193
50
-150
220
60
-260
135
105
-194
18
233
-41
-266
35
250
161
-15
-6
150
96
31
-153
45
281
-203
66
493
23
-119
-74
-95
30
104
-50
-231
55
8
-251
168
253
-260
-200
137
-8
-251
-93
189
-39
-182
183
275
42
-64
-82
-8
96
131
50
-168
-33
218
21
7
171
54
-85
-321
-168
182
-153
-232
121
35
-137
105
331
137
-138
-175
-147
-72
229
86
-60
297
-16
-174
365
185
-325
-256
-125
-145
-28
-95
-21
145
-93
-196
-3
-31
-335
-153
-32
-346
-42
319
-130
-151
454
182
-326
-17
141
-22
4
41
84
-97
-8
293
73
-206
-132
312
146
-355
-111
-90
-248
-16
-74
-207
-94
-255
-80
180
-35
0
32
-17
-180
-115
328
117
-37
197
-191
-60
466
11
-68
263
-11
-209
-194
-13
296
-56
-446
48
205
-153
-132
44
-28
-251
-79
51
-44
132
140
165
207
-232
-104
403
11
-218
169
257
50
-70
122
119
-139
-36
201
136
-139
-487
-256
198
4
-8
-26
-117
-58
-136
22
88
48
32
-45
25
150
70
48
-8
-140
66
77
84
223
121
-53
-228
-169
-12
104
-137
-166
38
-265
54
324
40
26
-165
-165
-57
-14
93
59
93
-41
88
419
139
-77
156
-24
-314
-16
164
155
120
-105
-54
145
198
18
-164
-41
-11
-135
-152
12
210
170
-141
-129
385
290
-225
-49
110
-97
-92
198
310
36
137
185
-19
112
129
23
-83
-207
-185
36
195
107
-50
-59
-57
-175
-23
48
-207
-217
-68
94
224
135
72
4
-54
-17
-78
4
242
-79
-239
261
24
-32
193
-320
-98
32
-233
56
-14
-158
-249
-129
109
-84
-80
97
-35
-117
26
-67
97
227
-173
-12
89
-234
60
219
-53
-246
-120
208
40
63
37
-447
-271
34
49
126
-67
-203
10
-15
92
240
-25
-45
-79
-130
-38
26
94
31
44
81
74
-62
-107
-25
-184
-74
142
-29
-103
109
42
-214
-155
39
100
-171
-177
51
-99
-195
-21
222
60
-78
-11
-129
-5
-33
-143
-77
-195
-157
85
198
113
91
-99
-240
119
134
-141
-192
-132
-83
-51
228
328
-85
-223
-8
-66
-67
72
10
-124
-166
159
278
-44
-60
72
115
-163
-330
127
189
-120
-28
104
-114
-76
211
39
-79
-31
78
127
-123
14
103
-21
130
46
72
319
111
-102
161
259
-17
14
91
115
39
-157
96
205
84
109
75
-35
-7
125
87
-145
-177
134
67
74
343
76
-99
15
129
174
26
-34
52
52
-128
-6
268
96
-86
104
42
-77
108
71
-133
-186
48
53
60
183
40
128
-47
-181
72
-6
-54
-80
-211
-57
143
130
24
6
134
-141
-301
-83
-256
-67
159
-148
-35
277
116
-102
-47
-278
-243
64
-294
-169
343
39
-239
43
180
-180
-168
64
-218
-93
191
66
-116
-22
146
-53
-78
161
123
-182
-60
98
-77
-44
-13
48
-15
-214
-85
68
-24
11
124
-185
-124
262
-23
-139
10
27
10
-80
107
172
-34
7
26
-152
8
162
-69
-113
-35
-26
0
-40
-84
50
90
-130
-104
210
74
-267
89
123
-194
254
313
-138
22
248
-148
-198
300
50
-353
28
281
-133
-248
127
-45
-215
9
-78
-288
-206
106
45
-158
100
313
146
-124
-111
126
167
-66
-175
179
187
-16
263
252
-16
25
121
-144
-133
189
-104
-347
31
217
-97
-76
196
207
-22
-299
-59
180
12
16
112
62
5
46
175
45
-116
53
-92
-205
165
161
-169
-63
100
-108
-59
93
-82
-42
83
-164
-238
77
86
-18
79
35
16
36
25
-73
-95
-40
-107
-93
-55
211
188
-221
-76
172
103
-84
-181
123
204
-139
-145
87
54
-6
26
1
42
-1
55
18
-233
52
182
-155
-63
118
-67
-164
35
204
185
13
-62
28
23
33
0
-44
48
43
104
50
-37
113
-32
-169
23
8
-146
-137
-62
-9
72
91
-33
-47
43
-31
-103
-48
-7
30
26
78
219
254
67
-112
46
133
-94
-93
94
86
28
39
69
77
72
103
14
-141
-43
80
11
-97
67
217
-44
-57
63
180
253
-13
-165
-114
156
162
-44
154
62
-155
-87
24
211
-9
-254
-106
-182
-162
-2
-76
-90
-65
-34
-103
-200
31
18
-212
-126
-12
82
130
139
10
-109
109
64
-37
8
-125
11
31
-84
49
65
19
-94
-95
-35
-109
33
61
-75
-138
-110
239
204
-59
70
-12
-114
55
136
-3
14
186
-55
-190
40
106
63
-118
-205
-110
-126
28
115
-1
-135
-101
80
-165
-148
193
-55
-269
-61
69
75
101
46
-126
-181
-28
-53
-6
61
-204
-34
107
-119
30
113
-118
-231
-74
34
-76
103
230
7
-85
-27
47
-28
-23
16
-33
-3
-22
81
72
-16
55
-110
-81
45
-153
-55
99
-39
-90
36
99
30
86
43
-78
32
49
-66
-49
41
114
65
-31
105
62
-77
-13
-72
5
-86
-174
65
46
124
125
-73
-55
-78
21
-9
-143
-69
18
20
21
230
242
37
-122
-153
-80
21
85
61
29
-71
-8
198
188
73
68
-79
-288
-48
175
35
33
-17
-85
30
117
136
22
-38
-90
-173
-25
152
49
-95
27
-38
-103
85
87
98
30
-174
-89
105
37
50
66
-168
-39
161
93
103
65
-87
-202
-27
91
45
174
16
-197
30
172
-4
4
135
47
-145
-93
218
140
-68
33
-8
-70
87
68
-31
-78
-134
29
30
-14
61
-46
-117
-160
-90
48
22
-81
24
71
-140
-52
45
-46
13
-9
-48
78
143
110
-75
-171
-41
-21
48
62
-77
-3
27
-35
120
116
-99
-155
-22
65
-81
-106
37
56
37
55
94
98
44
-40
-85
-92
-24
122
90
-102
9
230
28
-77
46
-17
-84
-30
72
58
-85
-38
55
-21
116
179
-74
-57
64
-68
-60
127
192
36
-77
19
129
94
-79
-31
79
-90
-189
-43
143
124
32
-57
-192
-86
118
151
1
-133
-92
21
151
98
-10
35
46
-37
-1
167
102
0
-58
-99
5
34
49
-52
-87
-4
-98
-85
79
167
-58
-288
-41
118
-57
-43
25
-19
2
35
10
8
-25
-100
-22
-19
-72
3
-27
-85
-82
-44
9
-19
-52
-101
-118
-17
5
-6
21
-37
-32
-17
-101
-35
42
-59
-92
-1
39
-7
31
44
-75
-109
-43
42
27
-49
-11
38
6
-4
72
28
-59
-28
40
101
10
-43
-8
-36
-24
-37
22
106
-1
-103
-31
1
-41
-54
-22
43
-105
-47
142
46
-83
-163
34
53
-38
151
17
-78
-20
-130
0
80
-46
2
-10
-87
29
83
35
3
-80
-39
11
-2
61
2
59
104
-15
76
42
6
108
-26
-92
24
48
47
67
-43
-78
6
27
0
-61
-33
-31
-25
88
-44
-16
152
-90
-63
109
29
55
-30
-31
118
80
64
113
85
-36
-1
32
-53
43
77
16
-78
-84
19
-43
-2
28
-75
-45
-14
-25
-41
-29
-5
-25
7
42
30
35
-83
-103
37
-24
21
93
-24
66
46
-41
0
-57
33
-58
-138
48
73
78
-73
-46
98
-67
39
71
-125
-44
60
17
-62
29
94
-25
8
52
-20
-30
84
10
-133
29
-5
-92
46
-26
-53
25
-31
19
114
38
-31
1
-40
-44
68
54
-19
-17
-3
-63
-35
54
-13
-23
-120
-79
85
-6
-9
18
32
-26
-77
25
21
-24
79
87
-74
-8
75
-31
-76
-8
52
-5
-17
59
8
35
79
-18
-11
-46
-21
54
21
61
82
34
9
-55
-79
-23
33
51
15
12
-57
-41
21
-67
-13
36
-34
-61
-75
-21
70
48
-64
32
97
-54
-40
61
82
43
-4
8
5
-12
42
93
8
-35
40
-70
-107
17
4
50
4
-71
-25
-62
-40
-5
23
58
-8
-35
-55
-25
80
83
38
14
23
12
-68
-8
64
16
-16
-42
11
19
-10
-36
-43
53
-28
-59
91
49
-12
16
-26
31
94
-58
-139
7
57
-13
35
78
17
-19
-4
-34
-4
81
21
-71
-17
29
52
111
24
-52
-14
-28
-10
68
105
60
-28
-16
24
-57
-54
-1
-31
-4
-102
-75
96
10
6
-27
-53
113
-30
-13
133
-97
-89
32
67
87
44
23
-57
-4
30
50
119
-33
-107
-15
35
85
29
-44
12
15
-42
-32
68
63
-48
-42
63
34
-91
21
83
1
-5
-71
1
83
3
-33
-24
60
3
-74
14
-85
-60
84
-61
-4
76
-89
33
80
-7
74
-5
-7
75
-15
33
66
-4
-1
-39
-16
16
14
91
52
-59
-54
-54
-65
-43
-90
-69
-29
-47
13
33
-2
-91
-74
4
-55
-24
15
-5
44
46
-61
-13
69
-86
-112
-23
-2
20
-25
-51
-10
33
-35
-34
53
-31
-61
-8
-2
5
26
66
60
-58
-92
50
86
-41
7
75
-44
7
30
-65
-40
-19
-41
-47
32
82
-14
-110
-10
36
-93
-55
68
31
-87
-62
10
8
64
48
-77
-41
48
29
27
28
2
-57
35
66
-21
62
69
-34
-70
27
57
49
46
-23
-14
-9
31
20
-48
-23
-33
-42
1
63
63
-25
-55
-47
-62
-7
88
70
-31
-10
36
40
78
37
12
-9
-55
-24
65
110
20
2
42
-108
-93
95
-12
-31
61
-24
-44
6
-3
-73
-6
35
-53
-6
72
43
8
41
22
0
5
-62
-28
36
-50
-105
13
52
-24
-16
-16
-40
-8
15
-70
-59
74
58
14
57
84
30
-26
-1
26
31
31
15
-34
-46
18
7
-25
-21
-35
-17
-11
-26
-88
-82
54
11
-45
57
59
-22
-83
-20
69
-7
-23
20
-44
-32
85
83
-28
-44
-16
-71
-48
-5
-18
20
-45
-84
-80
-19
108
-11
-61
20
-16
-24
19
67
32
-27
-36
-29
29
58
14
33
0
-81
49
78
-63
-45
31
27
-40
-15
69
39
-18
-52
-28
85
44
-34
-5
12
-26
-13
58
-46
-44
39
-84
-62
66
32
-36
-19
-17
-67
-13
78
36
-53
-30
57
-3
-40
55
43
-2
-19
10
23
42
46
-72
-18
37
-63
-18
36
-6
-34
0
26
-28
-12
-2
-3
9
-59
4
47
25
26
-26
-1
13
21
15
-6
29
-6
-66
1
97
-2
-32
28
-50
-26
35
-33
-45
34
18
-41
8
23
-39
40
115
-28
-69
24
-3
-28
8
15
6
-10
-6
17
29
-3
-18
42
-12
-40
48
43
-45
19
82
-36
-33
19
23
15
-5
39
-7
-45
20
22
-48
-27
59
-21
-28
60
-23
-16
-7
-104
-33
89
41
-21
40
56
14
27
33
-1
-46
-35
-11
7
39
14
19
-4
-39
22
-6
-29
16
-30
12
41
-42
23
79
-6
-36
29
21
-28
21
44
-21
-18
42
-29
-45
63
18
-27
37
39
-18
-50
-24
3
-1
12
-19
-36
3
2
32
35
-19
1
36
13
-29
-21
19
43
1
-30
13
-10
-17
12
-24
-51
-74
-6
26
-20
-15
-50
-12
16
-56
-32
9
-1
-6
15
41
18
8
23
10
9
28
-8
-49
-20
1
-15
-5
22
33
-19
-85
-56
-36
-32
-32
-20
12
-31
-35
54
73
-34
-47
9
-16
-15
48
62
-27
-19
43
-14
-30
20
1
-15
-42
-62
-7
-2
-14
-36
-43
-27
-17
21
15
4
-32
-22
27
-14
9
59
-25
-45
54
25
-34
20
16
-66
-56
3
1
-15
-15
-14
-41
-30
30
42
22
-12
18
61
-24
-45
50
47
-11
10
56
71
35
9
7
-15
-27
-64
-24
21
-38
-20
33
-5
-10
24
13
17
-28
-44
24
37
37
28
18
24
24
43
-13
-27
48
-1
-31
22
7
10
-19
-18
35
-36
-39
31
-17
-36
40
7
-46
21
79
36
-23
64
55
-24
25
6
21
53
-18
-37
15
78
1
-47
9
-67
-65
3
-21
-15
28
13
-38
-9
35
23
4
20
26
-29
-17
46
25
12
32
0
-17
34
28
0
45
0
-54
-7
-14
-34
5
-3
-53
-11
43
0
-19
29
14
-21
20
17
-11
16
22
-28
-14
67
14
-30
3
-29
-13
19
-17
-38
16
17
-9
9
-16
17
7
-78
-41
39
0
-24
67
50
-24
-12
0
-5
-2
-20
-61
-46
9
-5
-7
15
-28
-19
5
-8
-11
-10
-32
-60
15
41
1
0
-7
-4
-4
20
7
-12
7
-10
5
12
-4
7
-12
-9
20
-11
21
20
-62
21
46
-44
-11
56
20
-44
8
29
11
-18
-46
38
2
-56
20
10
-15
12
27
25
23
16
-8
-5
-24
-10
22
-7
17
13
8
33
12
4
-33
-20
-23
-36
31
8
1
9
6
32
20
-11
-25
22
-14
-41
-5
-6
40
9
-10
55
9
-23
-3
8
36
-13
-32
29
26
0
27
45
0
2
36
33
35
-4
-19
1
-12
-6
9
25
17
-20
-3
-3
2
11
-24
-29
-26
4
4
-6
38
4
-33
-33
-34
-13
-11
-16
-29
-12
12
5
24
9
-13
4
-9
-11
1
2
26
-16
-56
33
60
0
19
17
-19
7
22
15
-1
-31
3
55
23
14
41
2
-30
-2
-1
-10
11
16
12
13
16
1
10
25
-16
-17
12
-1
-42
3
38
-17
-4
26
-5
-32
7
2
-21
6
-11
-8
15
-6
-47
-30
1
-3
-12
-21
8
-7
-20
0
-10
1
-16
-41
10
47
-3
-5
33
-19
-44
8
8
-33
-14
26
15
1
22
11
-2
1
-27
-28
11
12
-6
33
34
-3
30
29
-17
-49
-15
30
7
6
14
2
8
24
1
-12
10
-34
-33
29
6
-2
11
-26
-12
-3
-10
11
-16
-16
-18
0
44
10
12
13
-7
-2
-18
-7
18
4
-38
-11
31
-3
-17
3
20
-14
-36
30
16
-30
4
-17
-36
8
5
6
40
16
-12
27
6
-19
26
31
1
-15
10
-3
-15
31
-2
-22
7
-8
-29
-22
11
-9
-26
8
-12
-9
24
-1
0
10
-1
-6
-14
1
2
-6
-5
-2
2
7
11
-14
-14
5
-14
-39
-17
2
1
5
-6
-5
29
11
-39
9
15
-16
26
24
13
18
-1
-10
22
33
5
1
-13
4
19
-2
-1
0
2
-38
-44
31
25
-3
20
0
-33
1
-1
-26
19
16
-39
3
27
-18
-11
-6
-24
-32
-15
-4
-17
16
33
2
-13
-21
-19
-13
-6
-1
-4
8
14
3
-2
27
27
4
18
11
-1
6
-2
10
9
-10
-1
1
3
-2
22
26
2
7
-16
4
18
1
33
43
11
-20
6
30
-6
-12
12
4
-15
1
20
13
0
-7
-1
-8
-15
0
4
21
25
7
10
-15
-14
21
0
-14
19
29
-13
-9
17
-9
-11
8
-11
-41
-15
6
-26
-8
-10
-33
-6
-13
-22
13
6
-20
-10
-7
5
17
15
16
2
-8
-1
-5
-4
11
11
3
6
-3
-14
-1
-18
-26
3
-14
-27
-14
-7
-13
-22
10
18
-13
-17
6
-2
-2
15
13
7
-2
11
6
-12
-12
3
17
-16
-5
14
-5
0
-6
-24
-28
-1
-4
-11
12
-13
-13
17
-2
-3
13
-2
2
0
-9
5
9
-4
-16
-4
-3
-6
1
-7
11
15
-9
-8
-5
-5
3
-1
-19
-11
-8
-25
-10
2
0
-12
-23
0
-19
-15
14
-30
-26
6
-13
-12
8
4
12
11
-16
3
21
-20
-20
28
13
5
31
-11
-21
13
-8
0
13
-10
-5
1
-14
6
19
14
-3
-17
8
0
2
30
5
6
21
6
2
18
23
14
19
10
-8
0
11
7
8
18
2
-13
1
7
13
18
5
3
-3
4
15
-7
5
30
5
-11
2
3
11
17
6
11
-1
-23
7
22
-2
-3
-3
-1
7
-13
-2
23
-1
-7
7
-9
-5
20
2
13
17
-31
-14
2
-23
12
29
-8
2
18
-7
-23
-2
2
-5
4
-2
-6
5
8
-7
-17
0
2
-14
1
19
2
-3
19
4
-12
7
-7
-6
19
0
-7
10
-4
-17
1
2
-4
10
5
7
8
0
2
-5
7
8
-2
9
7
-4
1
-2
-11
3
-5
-16
-1
3
9
3
-9
-10
-4
4
-8
-13
-15
-5
-5
-5
9
-7
0
-14
-31
2
17
2
-12
-1
-18
-43
11
23
-29
-11
18
-17
-11
20
4
-15
-15
-2
-3
2
8
-15
-4
-8
-16
17
17
-17
-26
-12
-8
-5
12
8
-8
-9
-3
6
0
-3
2
-3
5
21
10
-3
0
-10
-6
15
5
6
14
-6
-10
9
18
-4
-10
6
-21
-14
23
5
-10
-6
-4
5
7
-1
0
13
-12
-19
14
9
-8
0
24
13
-9
-1
3
-3
-10
5
12
1
9
11
-1
-16
1
24
-8
-14
7
-3
-6
11
13
-7
-12
-10
-13
-8
2
-2
-10
0
0
-11
0
-5
-21
-5
-1
-15
-3
7
-4
-18
-6
5
-1
13
-5
-9
3
-21
-8
12
-5
-6
3
1
-3
3
6
5
4
-7
9
18
-1
17
20
-10
-1
14
8
-1
2
12
-2
-3
16
-3
-9
5
-4
-12
-4
1
7
12
-1
5
9
-8
-10
-5
-3
1
7
4
-1
1
4
9
-13
-14
11
-2
-13
-3
-4
-7
-4
-8
-5
10
7
-7
-7
2
-6
-9
9
-2
-10
-3
-9
-1
5
5
5
-10
-11
-6
4
3
-1
14
12
-9
-5
6
-7
-9
1
-11
-17
0
13
9
-1
-14
-7
-2
-21
-11
5
-7
-6
9
-2
-14
-1
16
5
-19
8
14
-4
19
24
-3
-1
20
10
-4
-7
-5
7
9
4
9
2
-4
6
4
-2
0
3
9
3
5
12
16
15
10
12
12
7
9
11
17
10
-5
0
9
1
-6
1
-4
-25
-26
3
2
-24
0
-3
-30
10
14
-21
-6
10
13
19
13
11
25
22
-4
6
25
-3
-3
25
-3
-22
10
7
-13
-18
-12
3
-8
0
17
3
-9
-10
-1
17
16
12
8
1
13
11
11
15
7
4
-3
-2
3
-3
-14
-11
-1
-4
-6
-22
-28
-12
-8
-9
-10
-4
-7
-13
5
4
-9
-7
1
-2
-7
17
21
2
3
-3
-5
3
5
14
12
-16
-17
2
6
3
-7
-1
-5
-17
9
8
-9
9
16
-4
2
3
-17
-7
8
-3
-2
3
-4
3
6
2
9
7
-2
2
8
3
-4
1
18
-2
-10
17
5
-8
8
3
-12
1
8
0
16
2
-20
-6
-3
-22
-11
14
3
-7
-5
-16
-8
1
-5
11
12
-4
-5
1
4
6
5
4
-2
-9
-1
-1
-10
2
0
-10
-12
-8
0
-12
-13
-1
-8
-8
-4
-6
-9
-18
-3
0
-6
12
11
8
8
0
11
7
-8
7
15
-2
4
6
-9
-4
0
-2
-3
-5
-6
0
0
-2
2
3
-4
-12
-1
4
-2
2
5
1
-6
4
1
-1
16
-2
-13
15
-3
-21
8
3
-14
-1
-1
-12
-8
-3
-3
-2
2
-1
-5
-6
-4
9
12
4
6
1
-10
-2
2
6
12
2
-3
0
2
4
9
2
-4
8
2
-19
-5
9
-4
9
15
-6
-7
0
-8
-9
-3
-8
-2
14
0
-18
-10
-8
-14
1
1
-19
-8
2
4
15
1
-9
1
6
5
4
9
11
0
7
6
-2
1
1
5
3
-7
-4
6
1
-10
-7
2
2
-3
2
0
0
-2
-3
9
13
6
5
-3
-1
2
-2
7
3
-13
-1
7
-2
-5
-12
-3
0
-7
7
5
1
6
-5
-4
14
12
2
11
5
-1
9
7
5
10
6
1
2
6
1
-7
-3
-4
-7
3
6
-3
-7
-7
-7
3
13
6
3
-3
-4
14
14
7
5
-5
2
1
-3
3
-5
-13
-12
-11
-7
-7
-3
0
-14
-19
0
3
-14
-2
2
-10
-7
-1
2
2
7
12
8
7
5
5
2
5
9
-1
-2
3
-5
-4
2
1
-5
-5
-1
1
0
-1
-11
-10
8
4
-4
2
-2
-1
6
-1
2
4
-1
3
1
-2
0
9
13
2
2
-2
-7
1
1
2
3
-4
2
10
-5
-7
2
-3
-5
-8
-5
-2
-9
-5
-5
-9
-5
-7
-8
-4
-16
-12
3
-8
-7
6
7
2
1
4
6
8
6
8
15
8
-4
6
5
-2
0
-9
-9
-4
-17
-8
1
-18
-20
-9
-17
-19
-9
-11
-14
-3
-2
6
11
-1
11
27
7
8
16
9
19
20
17
17
4
-8
-2
7
-2
-7
-3
-12
-23
-14
-1
-14
-20
-13
-6
-6
-2
2
2
10
-3
-5
21
13
4
19
18
8
8
11
12
6
6
7
-3
-2
8
2
-7
-7
-8
-11
-7
-3
-10
-12
-4
1
1
-2
9
10
-2
1
-1
-6
2
15
10
-1
-8
-14
0
-2
-16
-1
15
-10
-10
3
-15
-8
8
0
-10
0
-6
-10
7
9
0
-4
-4
-4
-6
-7
5
-2
-17
-9
-4
-9
-11
-5
-5
-10
-4
5
1
-3
4
10
15
7
12
21
20
17
12
10
1
3
17
4
-2
12
3
-7
0
-13
-17
-10
-12
-5
-3
-3
-6
-12
-10
-3
5
11
9
0
0
10
21
8
1
13
7
10
11
-8
-2
8
-9
-14
3
3
-8
-8
-6
-19
-15
4
-9
-15
0
-1
-4
-4
-2
2
-9
-3
4
-1
1
0
10
9
-6
-6
8
2
3
7
0
7
8
9
5
2
2
-1
8
4
3
2
-5
-2
-3
-3
3
-8
-24
-14
-12
-9
1
-7
-7
-15
-21
-4
-6
-1
11
2
6
8
4
10
14
15
11
3
14
23
8
2
9
2
-7
-4
-4
-18
-8
4
-15
-14
-7
-12
-10
-11
-7
5
-3
2
17
7
7
20
16
12
14
27
20
9
17
15
10
9
0
1
4
-13
-14
-5
-12
-14
-13
-15
-16
-24
-26
-9
0
-5
-9
-5
-9
-4
11
8
7
10
9
14
13
8
13
13
15
11
5
18
3
-1
12
-5
-4
8
-9
-7
5
-14
-12
5
-19
-20
3
-11
-13
-2
-7
-16
-10
2
3
-2
2
10
3
-3
9
8
5
16
14
-2
2
13
5
-6
5
3
-11
-3
-8
-15
0
-4
-15
0
-6
-14
-2
-4
-9
-7
-4
-1
-1
5
14
3
-3
4
-2
1
14
9
-1
9
9
-5
-1
1
-5
-3
0
-2
1
7
2
-10
-5
1
-12
-10
1
-4
-2
1
-2
-1
-6
-2
1
-4
9
12
-3
0
17
4
-5
8
-9
-10
8
-8
-12
9
0
-10
-13
-11
-2
-2
3
2
-5
0
8
8
5
5
-3
2
8
4
4
5
-2
-1
8
5
1
5
-3
-3
4
0
7
12
6
-2
-6
4
8
2
3
11
2
-3
7
11
4
-1
-5
-10
8
14
-3
-5
-4
-1
1
1
3
-2
-5
5
15
6
4
7
6
12
8
3
4
9
7
1
10
10
-8
-4
2
-8
-8
1
6
-1
-4
3
3
-1
3
3
1
9
7
6
7
11
11
0
0
1
0
10
7
-6
-12
-4
4
-6
-11
2
7
-4
0
13
9
4
13
19
10
6
19
20
2
2
18
10
-5
13
10
-15
-4
2
-5
3
3
1
-5
-8
-4
-9
-4
3
-4
-4
6
8
-6
-12
7
15
4
2
2
-10
2
25
17
5
3
4
-1
1
11
0
-7
1
-3
-18
-7
5
3
1
0
-5
-5
2
-4
0
5
-9
-11
-9
-14
-5
-9
-13
-5
-6
3
13
5
-3
8
1
-3
5
-1
-3
-13
-15
-9
-20
-20
-4
-6
-18
-10
4
11
7
7
4
-7
-5
6
-2
-12
-1
-1
-5
-2
-1
-1
2
14
10
-8
1
9
-5
-3
0
-3
-14
-14
-8
-14
-7
1
3
-6
-8
5
-4
-11
13
14
-5
5
7
-10
-17
-9
-4
-4
-9
-7
1
11
23
8
-1
4
2
5
-7
-12
1
-6
-18
-22
-26
-24
-10
0
-9
-7
11
15
22
21
13
10
5
8
6
-1
0
-4
-10
-1
2
0
0
-4
9
15
-4
0
10
3
2
-2
-14
-10
-13
-18
5
1
-16
-4
-5
-10
0
-7
-14
-2
-7
1
15
-9
-6
22
11
-1
6
4
13
17
9
-1
-13
0
16
0
-2
2
-12
-11
0
-9
-13
-2
-10
-30
-20
0
-11
-24
-8
3
1
5
13
29
27
16
21
25
14
6
13
-1
-15
-3
-5
-15
-6
-1
-14
-12
-3
2
-8
-16
-5
-12
-17
-6
-9
-10
2
8
7
-1
1
11
-1
2
15
9
6
8
-6
-3
7
2
-4
-9
-9
-9
-7
-2
-10
-16
-10
-12
-13
-8
-5
0
-16
-16
-9
-22
-9
4
2
-15
-8
9
-7
-9
-1
0
-2
9
9
-10
-6
1
-10
-19
-11
3
-14
-18
-1
-12
-14
2
16
5
-11
8
8
-7
0
7
-11
-14
-3
-10
-16
-11
2
-8
-13
10
19
-3
1
19
14
9
7
5
-2
-3
5
-4
-6
-1
4
5
-6
-4
-3
-4
7
8
-6
-7
0
-3
5
12
3
8
12
13
9
8
14
6
9
13
11
5
8
10
-6
-2
6
-5
-15
-7
-4
-11
-1
4
-4
-7
5
4
-10
7
12
-2
4
8
9
3
1
6
-5
-13
3
11
-3
-7
3
1
-10
-8
4
-8
-8
4
-5
1
6
-4
-9
-5
9
16
17
22
20
16
23
32
22
6
1
13
9
2
11
-6
-11
7
3
-8
-12
-5
8
0
-4
15
17
14
6
-4
10
10
13
25
22
15
12
11
14
17
15
7
-3
-7
7
5
-8
-7
-13
-13
-2
-3
-4
5
7
2
9
13
3
7
11
4
11
-1
-1
10
-4
4
2
-8
2
-1
-5
-2
-2
-2
18
19
-1
5
11
6
2
3
11
-5
2
9
-18
-5
0
-12
-16
-15
2
-8
-7
-1
-4
2
16
12
12
16
5
24
14
-6
12
5
-4
-3
-6
-1
1
-6
-10
-5
0
-9
-8
-1
-16
-17
1
-6
0
8
-14
-9
-3
-9
7
-12
-10
14
-15
-15
9
-4
-1
1
-10
-6
-1
3
6
-9
0
15
-12
-5
1
-15
-6
-8
-9
-2
2
-5
-17
-11
-24
-18
7
-7
-9
1
-10
4
14
8
10
8
6
11
0
2
18
0
-4
-3
-4
-6
-17
-5
-13
-16
16
3
-8
8
-2
-1
11
4
9
6
-3
19
13
-2
11
-1
-2
2
-10
-10
-16
-11
-6
-11
-4
-10
-18
-20
-4
5
4
15
12
14
15
3
-1
7
13
0
3
-3
-5
16
-10
-8
-4
-23
-16
-10
-1
-6
-17
-7
6
0
1
2
-9
-3
3
-3
1
1
3
-1
-1
-9
-18
-8
7
-1
-7
3
3
3
15
7
-3
5
-6
-7
5
1
-1
0
-5
-5
6
-9
-9
1
-7
0
8
8
-1
4
16
-7
-8
5
-9
-8
0
-3
-7
-3
4
8
5
-6
8
14
-7
8
18
-3
5
20
8
3
14
10
5
8
12
30
20
14
22
0
2
11
2
-5
4
5
2
6
-4
11
12
0
19
9
1
21
14
7
4
3
4
-5
-6
-8
-9
3
11
0
-5
8
4
-6
0
3
-5
3
14
4
2
2
-2
1
-1
-1
1
-4
-9
-2
-5
-2
10
-8
-5
1
3
13
-2
11
17
4
13
11
9
8
16
12
-7
2
8
6
3
-3
-12
-15
2
-5
-5
3
-11
1
4
11
17
-4
13
23
1
3
10
16
8
-4
-5
-15
-12
-7
-10
-21
-20
-11
-20
-13
-3
-13
-15
2
0
-3
19
7
0
16
-3
-7
4
-11
-6
-4
-15
-2
-9
-18
2
4
5
4
1
13
11
9
13
7
8
9
9
7
8
15
5
4
1
-13
-11
-4
-7
-11
1
-7
-3
6
1
11
9
5
2
6
20
20
26
18
-1
-6
-7
-4
0
-10
-22
-11
-3
-12
-6
-1
2
-3
-14
-4
0
-3
3
3
-4
-4
6
3
-3
-7
-9
-7
-10
4
-1
-16
-11
-14
-20
-14
-4
-16
-12
-1
-6
4
9
8
9
2
2
9
-1
1
-2
-6
7
-5
-12
-11
-19
-16
-23
-26
-11
0
-7
-15
-9
-12
-10
2
-1
-8
-9
-3
1
3
-7
-9
-9
-20
-14
-11
-15
-5
-1
-12
-5
9
-1
0
0
-2
-3
-5
9
-7
-5
5
-8
-1
-3
-10
-6
-2
-6
-4
7
7
14
16
10
16
6
6
12
12
20
17
15
9
-3
-11
-10
-11
-6
-8
-19
2
3
-11
1
-6
-6
8
-3
-7
9
20
15
10
4
-4
0
-6
-14
-11
-12
-13
-23
-28
-7
-13
-36
-23
-16
-20
-1
11
11
10
4
11
10
9
11
-8
-9
7
2
-5
-5
1
1
-9
7
2
-11
3
9
5
1
12
10
0
5
4
0
1
6
1
-5
-5
-12
-10
-6
-14
-5
2
-11
-11
4
4
2
9
12
6
7
10
4
9
15
10
8
10
13
17
18
17
14
8
13
16
8
5
7
12
14
17
17
15
24
22
18
21
21
31
23
12
16
11
6
8
4
-2
-1
8
0
2
17
11
9
10
12
4
-1
18
14
1
10
9
-2
-5
-1
1
-4
-9
-7
0
-3
-4
1
-1
-9
-12
-9
-4
-1
3
3
-7
-6
0
-3
8
8
-1
1
0
-2
-3
-1
-15
-26
-16
-21
-16
-11
-19
-19
-14
-11
-10
-7
2
9
3
1
7
6
10
17
8
-1
1
-4
-15
-9
-11
-15
-1
-4
-13
-1
-1
-5
3
4
10
10
6
7
8
17
23
15
7
9
6
1
3
-2
-6
-15
-14
-9
-11
-18
-18
-9
-12
-16
-12
-10
-5
-9
-9
-4
-9
-14
-9
-7
-21
-19
-21
-35
-20
-18
-20
-7
-15
-19
-8
-3
-7
-3
-2
4
7
0
-5
-2
-2
-6
-6
-12
-6
-4
-2
15
10
8
18
21
19
11
14
11
9
12
5
-1
-3
-3
-11
-21
-21
-8
-8
-13
-2
-2
-16
2
15
4
2
5
4
3
12
11
3
2
3
-4
-5
4
-7
-10
-3
-5
-9
-10
-4
-9
-13
-9
-5
-2
-4
-7
0
2
-1
-1
-4
-2
-6
-14
0
-3
-18
-10
-4
-7
-9
-2
9
-3
-4
3
6
2
3
12
2
-2
-6
-5
-7
-8
4
-8
-14
-6
-7
-10
-11
-8
-7
-5
4
8
-2
1
11
4
4
12
5
1
10
16
5
2
5
-10
-12
-11
-11
-6
-5
-4
-8
-11
8
16
-4
-2
0
-1
9
-2
9
17
-1
7
8
3
8
12
3
7
6
-3
6
-4
-9
-3
-12
-17
-14
-12
-9
-4
-5
-4
0
-2
0
0
2
-1
2
3
1
5
-5
8
12
-1
3
-3
-3
9
3
-9
-9
1
-1
-19
-20
-3
-4
-9
3
5
10
9
19
30
31
36
31
36
38
33
38
35
25
14
14
15
10
10
11
2
-3
0
4
-5
-10
5
3
0
15
12
3
17
16
4
5
10
6
11
8
-2
7
13
6
2
5
1
-5
-3
-1
2
-1
-8
-3
1
-2
-3
4
3
2
1
0
7
0
2
1
-3
-2
-9
-13
-8
-3
-8
-6
0
-8
-1
5
0
-3
3
10
-6
-10
2
2
3
1
-8
-1
10
2
1
4
-3
-3
4
-2
-12
-6
1
-14
-11
2
-4
-11
-3
9
5
0
6
14
11
9
10
1
4
6
5
10
11
-3
-9
-1
-2
-2
-3
-3
0
0
1
7
0
-4
2
10
3
-11
-6
1
-3
-7
-5
-3
1
3
-3
3
4
-1
-1
-1
2
-7
-6
3
1
-2
1
-4
-11
5
3
-7
9
11
-3
9
12
4
-2
0
0
-10
-3
4
-8
-7
2
-5
-10
-9
-8
-10
-12
-3
-7
-9
-4
-8
-13
-13
-10
-15
-13
-8
-22
-15
0
-12
-8
0
-10
-7
3
-5
-3
6
5
3
5
3
-1
-2
5
3
-5
3
4
-3
4
9
2
3
4
0
4
-1
1
8
5
0
7
13
-1
-4
7
3
-2
1
0
-4
-7
-9
-7
-9
-16
-14
-6
-3
-4
-3
-1
-3
-1
-3
-4
4
-1
0
5
-1
-1
2
1
8
1
-11
8
2
-10
12
10
-7
-5
3
8
-2
3
15
3
3
18
9
0
12
10
1
4
-3
-10
4
-1
-17
-5
-1
-3
-7
-5
3
-4
-3
1
2
4
0
11
15
8
18
23
7
12
24
8
-1
9
8
-3
-6
1
-5
-18
-12
0
-2
-6
2
-2
8
16
8
17
16
16
11
10
18
17
10
6
6
1
4
-3
-8
3
-3
-13
-3
7
-3
-2
0
-1
-3
-5
0
1
1
-7
-8
0
-8
-11
-5
-3
-12
-15
-10
-19
-18
-11
-15
-16
-17
-15
-12
-14
-18
-6
-3
-8
-4
-2
0
-5
-10
6
10
-12
-6
5
-10
-5
7
-3
2
3
-8
4
9
-5
-7
9
14
3
2
14
7
1
13
5
-3
3
2
3
10
5
0
6
6
3
6
8
2
0
8
11
3
7
18
7
4
12
10
10
2
7
15
0
-13
1
12
-1
-13
-1
3
-7
-5
0
-7
-4
-2
-8
3
5
-4
4
12
4
2
8
8
10
6
0
1
0
1
2
2
-2
-9
-5
0
-1
-2
-4
-3
-9
-11
-3
-5
-8
-1
3
3
6
2
0
6
1
0
2
0
3
12
5
-1
0
0
1
2
4
-2
0
4
-7
0
5
-3
-9
-10
-4
-11
-16
-4
-3
-8
-2
-7
-6
1
-5
-7
2
0
-9
-5
4
-2
-2
2
-3
-3
2
8
-2
-4
6
-3
-3
-1
-10
-9
-12
-16
-12
-12
-16
-17
-11
-11
-18
-16
-9
-12
-13
-11
-6
-4
-7
-3
-4
-7
-8
-2
6
4
-4
-4
-3
-4
-5
-4
-2
-10
-8
-1
1
2
6
7
7
20
15
7
13
13
9
10
9
4
4
4
6
-1
-5
0
-3
-7
-6
-1
-8
-5
5
0
-6
0
1
3
4
5
0
-1
3
-2
-8
-8
-6
-6
-1
7
4
-5
3
10
-3
-6
5
3
-7
-3
-1
-8
-5
-9
-11
-1
-8
-14
0
1
2
6
6
9
9
13
11
4
7
12
6
0
6
8
9
7
-4
3
11
2
-4
3
1
-10
-3
1
-1
5
1
-8
-3
1
-3
-1
-2
-3
-1
-2
2
9
14
16
14
12
12
11
6
-2
-1
-3
-6
-1
-7
-9
2
2
-5
1
8
4
7
18
15
11
17
16
12
7
5
8
4
-2
6
1
-4
-1
-2
0
-10
-15
-6
-10
-13
0
2
-3
-2
0
3
-2
1
7
4
0
5
7
-3
1
4
1
-2
-4
-3
-3
-3
-4
4
3
0
-3
-10
-7
-1
0
-7
-6
-3
-5
4
5
2
5
6
8
9
6
0
7
14
1
-7
-2
-2
-9
-6
6
0
-4
4
7
4
-1
-2
0
-4
-6
-3
-4
-7
-7
-6
-4
-7
-4
1
1
-3
0
4
-1
0
3
2
-3
-7
-9
-1
-1
-12
-4
6
-2
-5
5
3
1
14
13
7
6
7
9
6
2
-2
-9
-6
-7
-14
-9
-6
-14
-15
-5
-9
-13
-4
0
3
4
3
7
14
10
8
15
4
-3
10
9
5
5
6
5
0
3
2
-7
-7
-10
-5
3
0
-7
-6
-2
1
-3
-2
4
1
6
7
4
3
-1
2
1
1
1
-2
2
0
0
0
-6
-2
-3
-5
0
-4
-7
-1
-2
-5
-7
-7
-8
-6
-4
-1
-4
-5
4
1
-8
-8
-7
-11
-3
2
-3
0
-3
-3
1
-3
-8
-8
-5
-4
-6
3
-1
-10
-6
-5
-7
-6
1
6
2
3
8
12
8
6
10
5
2
8
8
7
6
0
5
0
-6
-3
-2
-3
-1
6
-1
-4
-1
1
3
6
5
-1
1
7
0
-5
-2
-7
-5
-2
-2
-8
-16
-15
-10
-8
-6
-11
-13
-5
-5
-3
6
3
3
9
11
1
-3
4
3
-1
0
1
1
-4
-4
-2
-7
-10
-14
-8
1
-2
3
4
0
1
0
0
0
2
2
2
2
2
-1
2
9
4
3
7
-1
-3
4
3
-1
0
-4
-4
3
-2
-5
2
3
3
3
0
4
1
2
8
2
-1
1
2
5
9
7
3
-2
-3
-2
-3
-9
-8
-4
-3
-5
-3
-2
-5
-4
-4
-5
2
1
-2
6
2
0
3
0
11
9
1
4
2
2
8
8
0
4
12
2
-4
4
-1
0
7
3
0
5
0
-7
-2
-5
-7
-2
-3
-6
-6
-1
3
-4
-4
9
6
4
11
6
6
11
6
4
5
2
-3
6
10
4
11
4
-2
11
9
2
5
10
4
2
13
8
2
7
2
2
7
7
7
2
9
13
4
12
12
4
7
2
2
13
12
6
8
9
0
12
11
-2
4
0
0
3
-2
1
2
-7
-1
3
-3
4
2
-6
2
3
-4
0
1
-4
-6
4
4
-1
1
2
-3
-3
4
-1
-9
-8
-6
-4
1
1
-2
-8
-8
-4
-6
-2
0
-4
1
-2
-5
0
-4
-8
1
-3
-9
-1
0
-2
1
-5
-6
0
-5
-1
-2
-5
6
3
-3
3
0
0
4
5
2
5
5
1
3
2
2
-2
-8
-6
-3
-3
-3
-6
1
9
1
2
5
-1
5
5
1
8
5
2
1
-1
-1
-6
-4
-2
-3
0
5
-2
-9
-5
-5
-6
1
0
1
9
4
7
12
7
4
3
2
2
1
-2
0
-6
-12
-6
-7
-15
-15
-15
-21
-12
-3
-5
-6
-7
-3
2
2
3
5
8
5
7
9
5
1
4
2
-3
3
7
-2
-1
4
-1
-2
-1
-2
0
1
1
0
-2
3
5
-2
2
0
-3
6
0
-6
10
1
-6
6
0
-3
3
5
5
5
2
-2
-1
1
6
4
0
-1
-1
5
5
-4
-3
-2
-5
5
4
-2
0
-1
0
2
-1
3
1
1
4
-2
-2
-1
-6
-1
-5
-5
-2
-7
-9
-9
-6
-8
-3
3
4
2
1
-1
-3
3
3
1
-3
-4
1
-2
-7
-3
-4
-8
-7
-7
-4
-5
-10
1
-1
-9
3
0
-2
-3
-6
1
3
1
5
6
2
5
-1
-2
2
-8
-2
1
-4
1
-5
-9
0
1
-6
1
4
0
8
5
5
6
0
6
3
-3
8
6
1
5
-2
-1
-2
-10
-2
-1
1
-1
1
0
-6
-1
3
3
1
-1
0
-2
-1
1
-1
-4
-6
-2
-2
-6
-6
-3
-7
-3
-2
-9
-6
-13
-12
-6
-13
-11
-5
-5
-8
-4
-1
-10
-1
0
-10
-4
-6
-8
2
-5
-7
-3
-8
-3
-1
-5
-5
-1
-3
-1
2
-6
1
-4
-7
2
-7
-5
2
-4
2
3
-1
6
6
-3
1
5
1
1
8
6
4
5
5
5
5
8
5
5
11
2
2
6
3
8
10
7
5
1
3
5
2
4
6
1
3
5
3
8
6
-2
3
3
-5
1
-1
-2
2
-1
1
0
-7
-2
-3
-8
-2
0
-5
-4
-1
5
1
-4
-7
-8
-7
-10
-3
-6
-10
-5
-7
-11
-10
-6
-9
-9
-4
-10
-7
-1
-6
-6
-4
-3
-1
0
-4
-5
2
-4
-2
5
-2
-2
0
1
-2
-1
3
-2
-5
-2
1
0
0
-2
3
6
6
8
4
5
-1
-2
9
6
2
4
4
4
2
2
0
-2
-1
0
-1
1
0
-3
-1
-2
-3
1
-2
-2
2
-2
-6
3
-1
2
7
-2
3
6
2
6
8
6
6
4
-2
0
1
-6
-5
-8
-10
-4
-6
-6
-5
-4
-6
-3
-3
-9
0
0
-10
-3
-1
-5
-3
-6
-6
-3
-3
0
-4
-5
-3
-4
-4
-2
-1
0
3
4
2
2
0
4
1
-2
4
2
1
5
0
6
6
-1
3
1
-1
6
2
1
7
5
9
11
2
1
4
-2
1
7
2
2
3
-2
-4
-2
0
-3
-2
-3
-6
-2
-1
-1
0
-4
-1
3
0
1
2
1
0
0
0
1
2
0
-3
1
0
-1
-2
-5
-2
0
0
0
-1
2
1
0
2
-4
1
-1
-2
2
-3
1
1
-1
-2
-6
-1
-5
-9
-4
-2
-3
-1
3
2
0
3
-3
-2
1
-5
1
3
-2
0
-1
0
-3
-8
-2
-5
-3
-3
-6
-2
0
0
2
5
1
-1
1
-2
-2
0
-1
1
6
3
4
2
1
5
5
3
-2
-1
4
-1
3
6
2
6
5
4
2
-1
-7
-9
-6
-7
2
7
9
17
7
-1
-1
-6
-8
-4
-9
-6
5
8
7
11
10
8
4
-3
-7
-10
-12
-12
-9
-2
-2
-5
-4
-1
3
3
6
7
9
10
8
9
7
1
0
0
-5
-2
2
3
4
3
6
6
2
-2
-9
-12
-11
-8
-6
5
10
11
24
26
18
18
8
-7
-4
-11
-21
-15
-13
-13
0
10
5
7
13
7
5
8
3
3
3
-4
-3
-6
-8
-12
-11
-5
-3
4
10
11
10
4
-4
-12
-23
-25
-27
-22
-9
6
18
23
30
28
19
5
-13
-16
-23
-25
-15
-14
1
22
23
25
33
20
11
0
-15
-18
-17
-11
-3
8
11
13
29
23
12
9
-3
-10
-17
-22
-21
-13
-2
2
13
10
-1
1
-6
-20
-21
-23
-21
-9
-7
-5
1
-3
-6
-1
-5
-3
10
10
7
13
1
-12
-14
-27
-27
-15
-4
16
35
47
64
65
51
33
3
-18
-40
-54
-55
-53
-37
-16
19
42
55
67
62
53
35
7
-24
-51
-68
-76
-65
-40
-20
14
49
58
66
52
27
10
-27
-46
-44
-45
-25
-9
6
30
36
43
45
37
33
20
14
-2
-20
-27
-25
-18
-13
-4
16
31
42
47
46
38
26
19
-7
-27
-34
-56
-49
-27
-22
1
20
38
49
48
48
25
-5
-27
-49
-56
-66
-61
-38
-20
4
27
38
46
47
46
37
13
-11
-32
-43
-56
-67
-64
-58
-36
-9
16
42
54
59
45
18
-3
-43
-71
-77
-80
-56
-24
3
44
60
63
59
24
-14
-47
-71
-81
-78
-54
-22
21
59
84
95
78
53
20
-19
-38
-63
-73
-46
-27
5
44
51
63
72
54
39
26
8
0
1
-8
-17
-11
-22
-32
-31
-38
-33
-14
0
21
49
58
54
42
11
-22
-42
-54
-64
-43
-17
5
44
60
61
65
41
16
-21
-59
-68
-62
-33
5
34
66
87
90
62
20
-25
-66
-80
-87
-76
-35
3
44
70
73
60
29
-10
-45
-76
-89
-78
-46
-7
24
60
69
64
56
15
-19
-48
-66
-69
-65
-41
-26
1
34
39
59
66
52
63
52
28
18
-9
-49
-56
-60
-64
-45
-27
1
43
83
106
126
124
101
55
-15
-82
-152
-186
-186
-171
-106
-30
50
138
186
196
173
110
37
-46
-126
-176
-199
-177
-126
-65
2
57
101
127
135
115
78
51
18
-14
-39
-68
-93
-90
-79
-70
-30
12
46
91
116
120
111
81
34
-29
-86
-125
-143
-136
-96
-33
35
110
146
156
142
75
15
-38
-102
-135
-145
-133
-95
-44
14
63
97
120
113
80
44
-6
-53
-85
-112
-114
-85
-50
-15
21
50
73
89
82
70
56
30
12
-13
-32
-47
-58
-38
-26
-22
-1
17
47
72
69
70
59
39
16
-21
-45
-60
-58
-42
-29
-15
0
9
15
17
16
14
-2
-14
-21
-22
-16
-13
-9
0
-1
0
-2
-17
-31
-35
-31
-24
-17
-12
-7
12
22
31
37
29
29
24
3
-11
-22
-29
-17
-6
-1
5
17
24
27
26
22
22
24
24
16
-1
-10
-19
-26
-24
-27
-9
3
7
18
15
9
0
-11
-19
-26
-35
-35
-36
-38
-23
-13
-3
7
6
0
-4
-10
-13
-4
-5
-1
14
8
10
11
2
9
9
-3
-9
-8
-2
3
-3
3
8
14
29
30
22
13
7
5
1
-10
-17
-15
-11
-5
1
7
14
15
5
5
-3
-16
-12
-10
-16
-13
-12
-14
-11
-16
-18
-6
0
6
18
22
12
21
18
-7
-13
-28
-36
-25
-22
-10
4
18
28
29
29
15
4
-6
-13
-15
-9
-5
1
10
12
19
18
14
20
17
20
21
9
5
-3
-10
-3
1
-8
-5
3
4
18
25
16
15
17
13
0
-14
-11
-9
-14
-15
-18
-17
-10
-6
-1
-5
0
13
10
8
1
-4
-11
-13
2
2
-4
-5
-15
-16
-29
-26
-14
-14
-1
3
7
13
13
22
14
5
1
-16
-19
-23
-31
-12
-2
7
15
13
24
17
12
9
-7
-3
-1
-1
0
-12
-19
-22
-23
-20
-22
-17
8
29
40
49
44
32
25
-2
-32
-38
-50
-45
-21
-18
7
30
32
41
32
12
6
-4
-13
-11
-4
1
3
6
4
-11
-2
6
1
9
13
9
3
-1
-3
-1
-9
-16
-13
-17
-16
-12
-8
-7
6
15
1
2
-9
-20
-13
-14
-11
-10
-3
7
23
25
15
26
5
-13
-8
-23
-16
-9
-11
7
8
2
10
6
2
-5
-19
-14
-4
-12
-11
0
3
6
10
15
16
9
6
2
-5
-7
-10
-8
-3
-3
-10
-17
-19
-17
-15
-13
0
1
2
3
-10
-7
-1
-12
-16
-10
-6
7
20
21
30
38
37
36
24
0
-21
-26
-30
-27
-6
11
18
27
27
11
-4
-16
-34
-28
-14
-3
13
20
25
26
17
5
-8
-13
-16
-23
-18
-12
0
7
6
15
14
8
7
-5
-15
-19
-23
-13
-8
-5
10
14
28
36
27
